,time,open,high,low,close,tick_volume,spread,real_volume,diff
0,2020-01-02,7036.61,7090.33,6837.0,6892.91,12079,12601,0,-0.020421765594512104
1,2020-01-03,6892.91,7337.0,6790.28,7201.02,30948,12601,0,0.044699553599278186
2,2020-01-06,7298.76,7551.87,7247.0,7509.95,23711,12601,0,0.028935051981432407
3,2020-01-07,7509.95,8128.97,7507.35,7957.05,41291,12601,0,0.05953435109421506
4,2020-01-08,7957.05,8398.48,7809.09,7941.61,55029,12601,0,-0.0019404176170817714
5,2020-01-09,7943.79,8045.0,7674.97,7719.92,39942,12601,0,-0.028181762105997248
6,2020-01-10,7717.64,8068.67,7602.75,7978.21,44238,12601,0,0.033762911978273115
7,2020-01-13,8028.63,8132.0,7976.0,8064.51,23127,12601,0,0.004469006542834843
8,2020-01-14,8064.51,8797.89,8037.1,8675.75,52196,12601,0,0.07579381760330135
9,2020-01-15,8675.75,8838.0,8487.77,8756.55,52501,12601,0,0.009313315851655393
10,2020-01-16,8756.55,8802.0,8511.61,8615.59,45419,12601,0,-0.01609766403435133
11,2020-01-17,8615.59,8947.02,8598.0,8837.29,42158,12601,0,0.02573242227171914
12,2020-01-20,8651.0,8679.33,8408.0,8607.7,32173,12601,0,-0.005005201710784796
13,2020-01-21,8607.7,8714.0,8414.16,8650.93,27566,12601,0,0.005022247522566953
14,2020-01-22,8650.94,8726.9,8498.5,8575.0,26303,12601,0,-0.00877823681588365
15,2020-01-23,8575.0,8604.0,8215.0,8317.74,36692,12600,0,-0.030001166180758043
16,2020-01-24,8317.74,8448.0,8149.9,8424.91,34406,12601,0,0.012884509494165492
17,2020-01-27,8514.78,8937.0,8467.13,8884.05,41914,12601,0,0.04336811990444833
18,2020-01-28,8884.05,9122.17,8809.47,8973.6,41056,12601,0,0.010079862224998857
19,2020-01-29,8973.6,9378.3,8964.4,9290.55,37275,12601,0,0.03532027280021384
20,2020-01-30,9290.55,9507.0,9114.77,9482.02,44646,12601,0,0.020609113561629956
21,2020-01-31,9482.02,9497.6,9129.69,9276.02,37005,12601,0,-0.02172532856922892
22,2020-02-03,9374.62,9546.6,9148.07,9208.08,43769,12601,0,-0.017764986740795984
23,2020-02-04,9208.11,9281.82,9012.0,9069.44,29961,12601,0,-0.015059550765575136
24,2020-02-05,9069.44,9712.0,9063.13,9623.6,32346,12601,0,0.06110189824289039
25,2020-02-06,9623.6,9793.0,9458.0,9669.21,53430,12601,0,0.004739390664616023
26,2020-02-07,9669.2,9806.7,9575.58,9680.46,50986,12601,0,0.0011645224010257724
27,2020-02-10,10011.87,10136.76,9668.2,9798.43,39457,12601,0,-0.021318694709380016
28,2020-02-11,9798.43,10315.86,9643.94,10173.37,39448,12601,0,0.03826531393294645
29,2020-02-12,10173.37,10421.6,10151.77,10324.57,46536,12601,0,0.014862331754374302
30,2020-02-13,10324.58,10437.5,10005.0,10110.48,68338,12601,0,-0.020736921017610436
31,2020-02-14,10110.48,10328.93,10033.23,10282.45,56114,12601,0,0.017009083643902283
32,2020-02-17,9702.84,9938.86,9404.57,9577.01,81079,12601,0,-0.012968368024207338
33,2020-02-18,9577.01,10217.71,9538.01,10090.41,59960,12601,0,0.053607545570068284
34,2020-02-19,10091.59,10235.99,9249.0,9557.73,41025,12601,0,-0.05290147538693116
35,2020-02-20,9557.73,9640.66,9333.91,9541.67,56757,12601,0,-0.001680315304993915
36,2020-02-21,9541.68,9706.5,9499.6,9604.43,46800,12601,0,0.006576410024230534
37,2020-02-24,9816.3,9962.0,9417.0,9532.54,59136,12601,0,-0.028907021994030176
38,2020-02-25,9532.54,9617.87,9171.13,9318.13,51853,12601,0,-0.02249243118832983
39,2020-02-26,9314.98,9355.64,8563.0,8677.56,60906,12601,0,-0.06842956184554343
40,2020-02-27,8677.56,8902.76,8457.0,8687.93,60100,12601,0,0.0011950363927187829
41,2020-02-28,8687.93,8834.44,8364.57,8605.18,84894,12601,0,-0.009524708417309992
42,2020-03-02,8443.56,8890.1,8419.53,8878.41,71453,12601,0,0.05150078876682352
43,2020-03-03,8878.31,8916.0,8594.88,8666.11,46512,12601,0,-0.023900945112301657
44,2020-03-04,8666.11,8782.51,8600.27,8663.87,38289,12601,0,-0.0002584781407113205
45,2020-03-05,8663.86,9102.43,8661.14,9048.26,53898,12601,0,0.044368214629506894
46,2020-03-06,9048.36,9124.55,8930.42,9069.16,55893,12601,0,0.002298759112148419
47,2020-03-09,8190.5,8214.33,7573.0,7766.32,107825,12601,0,-0.051789268054453365
48,2020-03-10,7766.43,8089.93,7670.99,7901.21,76621,12601,0,0.01735417688693515
49,2020-03-11,7901.22,7952.85,7528.99,7741.99,89714,12601,0,-0.020152584031326866
50,2020-03-12,7741.99,7920.61,5501.92,5720.14,129908,12601,0,-0.2611537860420899
51,2020-03-13,5720.2,5927.02,3787.02,5361.23,154777,12601,0,-0.06275479878325937
52,2020-03-16,5855.53,5855.75,4372.87,4909.16,137587,12601,0,-0.16161987044725243
53,2020-03-17,4909.16,5499.88,4797.81,5390.64,151230,12601,0,0.09807787890392664
54,2020-03-18,5390.64,5417.38,4950.02,5308.26,138923,12601,0,-0.015282044432572034
55,2020-03-19,5308.36,6332.01,5203.38,6194.95,125258,12601,0,0.167017685311471
56,2020-03-20,6194.95,6875.97,5607.0,5915.12,111290,12601,0,-0.04517066320147861
57,2020-03-23,5994.38,6558.86,5623.34,6399.36,94541,12601,0,0.06755994781778926
58,2020-03-24,6399.54,6793.43,6308.08,6651.15,111138,12601,0,0.0393168884013538
59,2020-03-25,6651.15,6918.35,6394.17,6536.99,87642,12601,0,-0.01716394909151047
60,2020-03-26,6537.1,6730.71,6465.14,6670.27,57540,12601,0,0.020371418518915125
61,2020-03-27,6670.27,6806.5,6519.27,6615.89,51362,12601,0,-0.008152593523200725
62,2020-03-30,5880.82,6457.01,5793.0,6411.37,49226,12601,0,0.09021701055295013
63,2020-03-31,6411.38,6567.0,6272.31,6409.76,58153,12601,0,-0.00025267571100135865
64,2020-04-01,6411.1,6433.88,6084.01,6283.34,42507,12601,0,-0.019927937483427215
65,2020-04-02,6283.34,7173.39,6282.06,6677.41,81066,12601,0,0.06271664433247282
66,2020-04-03,6678.15,6982.3,6547.0,6640.73,85966,12601,0,-0.005603348232669238
67,2020-04-06,6692.12,7258.46,6662.9,7163.06,69544,12601,0,0.07037231848801284
68,2020-04-07,7163.06,7403.01,7014.0,7050.37,80000,12601,0,-0.01573210331897269
69,2020-04-08,7050.37,7362.22,7018.85,7262.3,61845,12601,0,0.03005941532146544
70,2020-04-09,7253.64,7335.32,7044.38,7235.87,76916,12601,0,-0.002449804511941651
71,2020-04-10,7235.87,7259.97,6687.15,6851.93,72729,12601,0,-0.05306065476577103
72,2020-04-13,7056.97,7085.73,6480.79,6762.62,64920,12601,0,-0.0417105358248654
73,2020-04-14,6762.62,6926.06,6704.3,6807.27,63264,12601,0,0.006602470640077448
74,2020-04-15,6807.39,6873.85,6622.69,6682.41,55181,12601,0,-0.01835945935226283
75,2020-04-16,6682.41,7078.39,6409.67,6991.82,85519,12601,0,0.04630215745516959
76,2020-04-17,6993.01,7147.62,6932.0,6988.03,70953,12601,0,-0.0007121396937799992
77,2020-04-20,7078.34,7153.72,6692.05,6804.82,58288,12601,0,-0.038641828451303616
78,2020-04-21,6804.82,6884.45,6711.48,6827.14,45023,12601,0,0.0032800279801670903
79,2020-04-22,6827.29,7103.32,6757.72,7054.38,36114,12601,0,0.03326209960321008
80,2020-04-23,7054.38,7687.0,6968.07,7473.36,60623,12600,0,0.059392887822884446
81,2020-04-24,7473.36,7551.91,7325.29,7465.75,51730,12600,0,-0.001018283610049519
82,2020-04-27,7581.53,7742.02,7528.99,7642.99,50270,12600,0,0.008106543138390277
83,2020-04-28,7643.09,7729.03,7586.69,7672.88,43180,12600,0,0.003897638258871734
84,2020-04-29,7672.79,8905.41,7652.65,8866.13,73345,12600,0,0.15552882328331666
85,2020-04-30,8866.13,9406.21,8344.0,8761.62,126048,12600,0,-0.011787555562573345
86,2020-05-01,8760.06,9006.36,8519.9,8670.37,89105,12600,0,-0.010238514348075092
87,2020-05-04,8779.59,8899.56,8465.42,8855.22,84973,12600,0,0.008614297478583761
88,2020-05-05,8855.22,9056.3,8697.0,8862.38,85149,12600,0,0.0008085626331135596
89,2020-05-06,8862.38,9308.0,8831.43,9159.65,97857,18000,0,0.03354290833839222
90,2020-05-07,9159.65,9882.03,8953.15,9714.0,110793,18000,0,0.06052087143067698
91,2020-05-08,9714.0,9980.98,9639.0,9914.2,89142,18000,0,0.020609429689108578
92,2020-05-11,8583.57,9116.0,8118.0,8570.99,104672,12600,0,-0.001465590657500309
93,2020-05-12,8570.99,8919.08,8405.88,8754.13,61272,12600,0,0.02136742663332934
94,2020-05-13,8754.13,9277.31,8662.15,9232.62,54294,12600,0,0.0546587724879573
95,2020-05-14,9232.62,9878.92,9191.86,9590.22,58937,12600,0,0.038732234187045335
96,2020-05-15,9590.22,9787.0,9049.0,9160.05,66228,12600,0,-0.04485507110368689
97,2020-05-18,9674.0,9895.0,9388.2,9611.9,73286,12600,0,-0.006419268141410002
98,2020-05-19,9611.9,9837.0,9392.0,9620.35,53729,12600,0,0.000879118592578026
99,2020-05-20,9620.58,9772.8,9218.68,9524.25,45211,12600,0,-0.010012909824563584
100,2020-05-21,9524.25,9524.25,8737.0,8988.91,65989,12600,0,-0.05620810037535765
101,2020-05-22,8988.48,9201.21,8857.0,9128.83,53451,12600,0,0.015614430916016987
102,2020-05-25,8938.0,9016.06,8567.01,8851.41,56467,12600,0,-0.009687849630789901
103,2020-05-26,8851.41,8949.0,8627.0,8794.39,59337,12600,0,-0.006441911514662685
104,2020-05-27,8794.39,9165.19,8738.06,9098.7,54574,12600,0,0.034602741065611294
105,2020-05-28,9098.7,9476.89,8988.73,9382.54,51446,12600,0,0.03119566531482521
106,2020-05-29,9382.54,9557.0,9261.01,9350.08,62776,12600,0,-0.0034596175449292986
107,2020-06-01,9437.21,9631.05,9310.96,9614.65,45022,12600,0,0.018802167165931513
108,2020-06-02,9615.73,10344.28,9138.32,9456.27,56907,12600,0,-0.01658324432986358
109,2020-06-03,9456.27,9580.34,9317.99,9517.46,43868,12600,0,0.0064708389248613555
110,2020-06-04,9517.46,9834.0,9367.0,9718.77,47096,12600,0,0.021151651806259372
111,2020-06-05,9718.77,9794.97,9529.74,9639.91,52565,12600,0,-0.00811419552062664
112,2020-06-08,9666.74,9741.75,9582.0,9638.85,38566,12600,0,-0.002885150526444222
113,2020-06-09,9638.85,9833.99,9500.0,9684.0,40676,12600,0,0.004684168754571306
114,2020-06-10,9684.0,9942.85,9566.27,9802.36,41203,12600,0,0.012222222222222282
115,2020-06-11,9802.36,9908.2,9015.91,9275.02,50099,12600,0,-0.05379724882579298
116,2020-06-12,9275.1,9485.87,9166.32,9394.37,36559,12600,0,0.012859160548134298
117,2020-06-15,9317.01,9422.36,8837.0,9417.76,48098,12600,0,0.010813554992427829
118,2020-06-16,9417.76,9529.32,9312.36,9428.79,40366,12600,0,0.0011711914510457535
119,2020-06-17,9428.79,9501.82,9167.2,9305.3,31674,12600,0,-0.013097120627355322
120,2020-06-18,9305.3,9412.01,9225.94,9275.36,37081,12600,0,-0.0032175211975969276
121,2020-06-19,9275.36,9365.55,9164.37,9245.12,35395,12600,0,-0.0032602508150626802
122,2020-06-22,9247.21,9603.12,9202.96,9580.21,36688,12600,0,0.03601086165448822
123,2020-06-23,9578.66,9721.21,9509.49,9567.0,39043,12600,0,-0.00121728926593071
124,2020-06-24,9567.0,9600.4,9130.99,9220.52,45858,12600,0,-0.036216159715689304
125,2020-06-25,9220.54,9253.96,8926.0,9208.63,43867,12600,0,-0.001291681398269697
126,2020-06-26,9208.63,9266.87,8962.85,9130.44,40213,12600,0,-0.008490948164927757
127,2020-06-29,9041.44,9128.42,8952.66,9115.22,28618,12601,0,0.008160204569183541
128,2020-06-30,9115.23,9167.91,8997.0,9081.25,35185,12600,0,-0.0037278269445751304
129,2020-07-01,9081.26,9232.69,9025.63,9173.99,34762,12600,0,0.010211138101981395
130,2020-07-02,9173.99,9202.96,8876.0,9014.52,35303,12600,0,-0.01738283996385426
131,2020-07-03,9014.53,9087.04,8983.29,9025.48,33308,12600,0,0.0012147055919719506
132,2020-07-06,8947.99,9289.24,8842.0,9212.21,32501,12600,0,0.029528419231581546
133,2020-07-07,9212.02,9318.93,9138.78,9191.58,27219,12600,0,-0.0022188401675203168
134,2020-07-08,9190.67,9411.01,9166.0,9363.08,39753,12600,0,0.01875924170925513
135,2020-07-09,9363.08,9407.29,9090.91,9173.61,33721,12600,0,-0.020235862558047067
136,2020-07-10,9173.61,9191.0,9038.82,9167.83,33592,12601,0,-0.0006300682065185521
137,2020-07-13,9169.36,9280.0,9126.49,9182.4,27778,12600,0,0.0014221276075973735
138,2020-07-14,9182.4,9217.01,9033.72,9210.5,36071,12600,0,0.003060202125805929
139,2020-07-15,9210.5,9214.19,9087.0,9147.33,26956,12600,0,-0.006858476738504975
140,2020-07-16,9147.33,9166.74,8965.47,9039.69,29703,12600,0,-0.011767368182846735
141,2020-07-17,9039.7,9118.05,9015.48,9088.46,34701,12600,0,0.005393984313638549
142,2020-07-20,9105.0,9174.6,9065.2,9107.3,26849,12600,0,0.00025260845689173775
143,2020-07-21,9107.31,9375.56,9083.01,9312.0,32873,12600,0,0.022475352217065248
144,2020-07-22,9312.0,9334.83,9217.64,9310.95,24643,12600,0,-0.00011275773195868475
145,2020-07-23,9310.95,9613.36,9304.85,9530.33,31512,12600,0,0.023561505539176904
146,2020-07-24,9530.33,9579.7,9410.76,9563.01,42895,12600,0,0.003429052299343285
147,2020-07-27,9831.8,10878.51,9810.56,10826.02,68283,12600,0,0.10112288695864452
148,2020-07-28,10825.98,11342.99,10520.48,10913.83,70069,12600,0,0.008114738804246855
149,2020-07-29,10913.83,11227.99,10790.41,11153.86,54287,12600,0,0.02199319578919597
150,2020-07-30,11153.65,11282.88,10769.0,11085.38,42748,12600,0,-0.006120866263510191
151,2020-07-31,11082.43,11388.08,10909.3,11289.51,39438,12600,0,0.018685432707447727
152,2020-08-03,11024.84,11414.81,10870.26,11320.89,46583,12600,0,0.02685299741311432
153,2020-08-04,11320.87,11359.34,10942.56,11154.52,37406,12600,0,-0.01469410036507798
154,2020-08-05,11154.52,11662.19,11029.77,11629.16,38903,12600,0,0.04255136034540253
155,2020-08-06,11628.54,11846.57,11467.53,11787.0,49084,12600,0,0.01362681815601951
156,2020-08-07,11787.0,11851.84,11276.0,11518.5,35600,12600,0,-0.022779333163654873
157,2020-08-10,11614.0,12019.01,11418.0,11788.5,41170,12600,0,0.015024969863957294
158,2020-08-11,11786.0,11880.0,11063.0,11149.0,45077,12600,0,-0.05404717461394875
159,2020-08-12,11125.5,11566.0,11056.0,11500.0,38476,12600,0,0.03366140847602355
160,2020-08-13,11494.5,11601.08,11211.0,11543.5,35734,12600,0,0.004262908347470529
161,2020-08-14,11582.0,11802.5,11533.0,11707.0,27462,12600,0,0.010792609221205318
162,2020-08-17,11780.0,12417.0,11706.0,12253.5,33363,12600,0,0.040195246179966046
163,2020-08-18,12254.0,12356.5,11754.0,11964.25,30232,12600,0,-0.02364534029704586
164,2020-08-19,11982.0,12034.0,11504.5,11648.0,35450,12600,0,-0.02787514605241195
165,2020-08-20,11647.0,11830.5,11610.5,11786.5,29797,12600,0,0.01197733321885464
166,2020-08-21,11785.5,11827.0,11538.0,11561.5,35602,12600,0,-0.01900640617708201
167,2020-08-24,11593.75,11766.25,11524.0,11658.92,19706,12600,0,0.0056211320754717044
168,2020-08-25,11650.75,11726.0,11045.0,11192.5,34530,12600,0,-0.039332231830568845
169,2020-08-26,11210.0,11483.0,11182.0,11443.45,23932,12600,0,0.020825156110615587
170,2020-08-27,11438.5,11533.0,11054.5,11189.8,30048,12600,0,-0.021742361323600187
171,2020-08-28,11192.25,11490.0,11186.0,11432.0,25034,12600,0,0.021421072617212805
172,2020-08-31,11557.0,11718.0,11511.0,11612.0,20743,12600,0,0.004759020507052003
173,2020-09-01,11609.25,11996.5,11461.5,11943.0,24961,12600,0,0.028748627172297953
174,2020-09-02,11960.71,12000.5,11082.0,11303.5,38592,12600,0,-0.054947406968315356
175,2020-09-03,11291.86,11418.0,10389.5,10717.0,46053,12600,0,-0.050909239044763265
176,2020-09-04,10679.75,10739.0,9826.5,10525.5,50844,12600,0,-0.01444322198553337
177,2020-09-07,10166.0,10286.5,9810.5,10088.5,39397,12600,0,-0.007623450718079874
178,2020-09-08,10107.0,10381.0,9853.0,9949.5,44162,12600,0,-0.015583259127337488
179,2020-09-09,9925.0,10286.5,9776.0,10194.0,31433,12600,0,0.027103274559193955
180,2020-09-10,10186.5,10430.5,10112.0,10229.0,32043,12600,0,0.004172188681097531
181,2020-09-11,10237.0,10323.0,10137.0,10263.5,25957,12600,0,0.0025886490182670703
182,2020-09-14,10253.5,10697.5,10187.5,10629.0,21551,12600,0,0.03662164139074462
183,2020-09-15,10650.5,10873.0,10549.5,10797.5,31944,12600,0,0.013802168912257641
184,2020-09-16,10783.5,11036.5,10597.5,10932.0,32225,12600,0,0.013771039087494785
185,2020-09-17,10919.5,10983.5,10678.0,10869.5,32923,12600,0,-0.004578964238289299
186,2020-09-18,10884.0,10980.5,10748.5,10821.0,24590,12600,0,-0.005788313120176406
187,2020-09-21,10786.0,10932.0,10221.5,10413.0,36618,12600,0,-0.03458186538104951
188,2020-09-22,10416.82,10469.5,10288.5,10448.0,28322,12600,0,0.0029932359395669975
189,2020-09-23,10428.5,10512.5,10069.0,10158.5,28129,12600,0,-0.025890588291700628
190,2020-09-24,10173.0,10660.5,10129.5,10567.0,32071,12600,0,0.03872997149316819
191,2020-09-25,10567.0,10731.5,10489.0,10654.0,30450,12600,0,0.008233178764076842
192,2020-09-28,10680.65,10893.0,10642.0,10806.5,33438,12600,0,0.011782990735582607
193,2020-09-29,10789.0,10827.5,10561.0,10694.0,41531,12600,0,-0.008805264621373621
194,2020-09-30,10683.0,10800.0,10598.0,10643.0,28060,12600,0,-0.003744266591781335
195,2020-10-01,10633.5,10868.0,10378.0,10543.0,31527,12600,0,-0.00851083838811304
196,2020-10-02,10505.07,10598.5,10313.5,10477.0,37347,12600,0,-0.002672043118227647
197,2020-10-05,10591.0,10718.5,10558.5,10675.0,24834,12600,0,0.007931262392597489
198,2020-10-06,10613.67,10740.5,10461.5,10484.5,30741,12600,0,-0.012170154150260943
199,2020-10-07,10461.5,10620.5,10438.75,10591.0,24712,12600,0,0.012378721980595517
200,2020-10-08,10594.5,10899.5,10470.0,10828.0,23924,12600,0,0.022039737599697958
201,2020-10-09,10821.0,11047.0,10770.5,10977.5,21693,12600,0,0.014462618981609833
202,2020-10-12,11227.5,11539.5,11112.5,11506.0,31961,12600,0,0.024805165887330217
203,2020-10-13,11496.0,11665.0,11247.0,11368.5,33887,12600,0,-0.011090814196242171
204,2020-10-14,11362.5,11495.5,11229.5,11325.0,29363,12600,0,-0.0033003300330033004
205,2020-10-15,11320.0,11562.0,11190.5,11482.5,29207,12600,0,0.01435512367491166
206,2020-10-16,11448.0,11486.5,11126.0,11248.0,30805,12600,0,-0.017470300489168415
207,2020-10-19,11372.5,11774.5,11347.0,11661.33,23516,12600,0,0.025397230160474824
208,2020-10-20,11656.5,11994.0,11617.0,11826.5,33149,12600,0,0.014584137605627762
209,2020-10-21,11837.99,12861.5,11820.5,12800.5,47355,12600,0,0.08130687726548175
210,2020-10-22,12796.0,13194.5,12627.5,13064.0,52096,12600,0,0.020944045014066895
211,2020-10-23,13057.5,13140.0,12664.5,12879.5,36568,12600,0,-0.01363201225349416
212,2020-10-26,12955.5,13192.0,12719.5,12968.5,35015,12600,0,0.0010034348346262204
213,2020-10-27,12963.0,13703.0,12931.5,13636.0,33715,12600,0,0.051916994522872795
214,2020-10-28,13638.5,13804.0,12824.0,13139.0,51194,12600,0,-0.03662426219892217
215,2020-10-29,13137.5,13594.0,12919.0,13458.5,49849,12600,0,0.024433872502378686
216,2020-10-30,13450.0,13614.0,13066.0,13573.0,56889,12600,0,0.009144981412639405
217,2020-11-02,13740.5,13781.5,13150.0,13550.5,46249,12600,0,-0.013827735526363669
218,2020-11-03,13547.0,13743.0,13226.0,13661.5,40855,12600,0,0.008452055805713442
219,2020-11-04,13633.5,14214.5,13469.5,13944.0,60143,12600,0,0.02277478270436792
220,2020-11-05,13951.5,15259.0,13947.5,15179.5,65657,12600,0,0.08801920940400673
221,2020-11-06,15133.0,15919.0,15123.5,15508.5,75087,12600,0,0.02481332187933655
222,2020-11-09,15303.75,15796.5,14746.0,15318.25,51208,12600,0,0.0009474801927632116
223,2020-11-10,15287.75,15424.5,15022.5,15323.25,42052,12600,0,0.002322120652156138
224,2020-11-11,15329.75,15946.5,15224.5,15769.0,54724,12600,0,0.02865343531368744
225,2020-11-12,15759.0,16161.0,15393.0,16103.5,57775,12600,0,0.021860524144933054
226,2020-11-13,16132.5,16435.5,15903.5,16234.0,62049,12600,0,0.006291647295831396
227,2020-11-16,15772.5,16835.0,15730.0,16628.5,51942,12600,0,0.05427167538437153
228,2020-11-17,16628.0,17818.0,16512.0,17582.5,62237,12600,0,0.05740317536685109
229,2020-11-18,17479.5,18436.5,17188.0,17706.43,74694,12600,0,0.012982636803112233
230,2020-11-19,17741.5,18123.0,17287.5,17886.5,64217,12600,0,0.008172927880957078
231,2020-11-20,17858.5,18765.5,17653.0,18516.0,64535,12600,0,0.03681720189265616
232,2020-11-23,18512.0,18728.5,17931.0,18348.0,72193,12600,0,-0.008859118409680207
233,2020-11-24,18340.5,19383.5,17989.5,18877.5,69966,12600,0,0.029279463482456858
234,2020-11-25,18908.5,19456.0,18563.0,18807.47,59649,12600,0,-0.005343099664172136
235,2020-11-26,18796.15,18854.66,16137.41,16982.25,89206,12600,0,-0.09650380530055364
236,2020-11-27,16981.87,17401.52,16376.93,16957.72,96204,12602,0,-0.0014221048683094276
237,2020-11-30,18101.04,19775.53,18020.43,19318.53,82279,12601,0,0.06726077617639638
238,2020-12-01,19244.77,19845.48,18056.58,18981.28,89211,12614,0,-0.01369151203158061
239,2020-12-02,19016.78,19281.36,18270.29,19086.56,74323,12609,0,0.0036693909273811066
240,2020-12-03,19129.87,19559.97,18805.04,19395.14,70393,12625,0,0.013866795749265439
241,2020-12-04,19390.29,19496.86,18627.41,18746.52,70633,12601,0,-0.03320063805131333
242,2020-12-07,19179.63,19372.71,18837.84,19019.7,71001,12625,0,-0.008338534163589198
243,2020-12-08,19023.57,19248.88,18544.12,18696.93,79586,12614,0,-0.017170278764711326
244,2020-12-09,18741.23,18763.57,17567.37,18446.91,84160,12610,0,-0.01570441214370667
245,2020-12-10,18501.95,18580.37,17838.1,18288.28,91847,12606,0,-0.01154851245409278
246,2020-12-11,18322.26,18325.36,17483.71,18033.18,96949,12601,0,-0.015777529627895148
247,2020-12-14,19104.37,19279.13,18906.61,19130.43,82324,12624,0,0.0013640858086396625
248,2020-12-15,19126.84,19504.28,18967.47,19355.75,77705,12621,0,0.011967998895792501
249,2020-12-16,19321.83,21242.23,19226.96,21122.52,89069,12605,0,0.09319458871131764
250,2020-12-17,21242.27,23682.76,21145.59,22726.3,101278,12601,0,0.06986211925561622
251,2020-12-18,22793.83,23222.65,22287.57,22863.27,87101,12625,0,0.0030464384440876627
252,2020-12-21,23194.82,24060.73,21889.63,23075.68,92052,12603,0,-0.005136491682194534
253,2020-12-22,23040.49,23556.11,22313.42,23385.4,91943,12616,0,0.014969733716600637
254,2020-12-23,23327.78,24008.32,22722.87,23221.02,91072,12625,0,-0.004576517782660776
255,2020-12-24,23246.51,23414.37,22550.75,23212.64,74437,12606,0,-0.001456992899149119
256,2020-12-28,26283.54,27393.91,26013.13,26526.99,91456,12605,0,0.009262450948388259
257,2020-12-29,26590.05,27125.36,25769.4,26790.74,88304,12601,0,0.007547560083565181
258,2020-12-30,26863.99,28945.96,26819.24,28804.18,92902,12604,0,0.07222270407337103
259,2020-12-31,28847.02,29247.62,27887.84,28305.45,75994,12801,0,-0.018773862950141808
260,2021-01-04,33358.22,33608.25,27596.41,31033.0,186955,12618,0,-0.06970455857656677
261,2021-01-05,30957.79,34217.17,29846.86,33730.7,191919,12601,0,0.08957067025779282
262,2021-01-06,33957.37,36479.52,33297.78,35900.0,118164,12601,0,0.05720790508805591
263,2021-01-07,35990.33,40336.75,35923.28,39628.74,129041,12601,0,0.10109409944282245
264,2021-01-08,39437.0,41947.12,36529.48,39847.74,189556,12601,0,0.010415092425894413
265,2021-01-11,38105.94,38958.16,30233.56,33860.18,183264,12601,0,-0.111419899364771
266,2021-01-12,33727.01,36573.34,32437.0,34619.46,120942,12601,0,0.026460987795834764
267,2021-01-13,34859.0,37352.05,32260.0,37188.5,113359,12601,0,0.06682635761209443
268,2021-01-14,37537.0,40036.0,36661.99,38652.0,84451,12601,0,0.02970402536164318
269,2021-01-15,38507.7,39622.38,34271.99,36264.87,129592,12601,0,-0.05824367594013651
270,2021-01-18,36610.87,37354.01,34692.0,36159.75,137111,12610,0,-0.012322023486467342
271,2021-01-19,36304.64,37798.33,35971.42,36387.49,137777,12605,0,0.0022820774424425786
272,2021-01-20,36495.38,36704.75,33314.61,34837.69,143606,12609,0,-0.045421913677840736
273,2021-01-21,34840.8,35615.33,30870.32,31098.24,159648,12601,0,-0.10741888820004136
274,2021-01-22,30717.16,33797.01,28730.63,33296.7,159401,12601,0,0.08397716455557731
275,2021-01-25,31769.93,34813.19,31607.41,32637.56,144052,12620,0,0.02730978632940019
276,2021-01-26,32485.53,32771.23,30751.92,31947.99,175960,12615,0,-0.01654705956775208
277,2021-01-27,31938.72,32861.51,29097.24,30896.94,181379,12602,0,-0.03261808863974519
278,2021-01-28,30856.24,33280.04,29803.47,33186.03,156707,12602,0,0.0755046629142111
279,2021-01-29,33348.68,38562.87,31916.1,34694.67,169229,12605,0,0.040361117741391804
280,2021-02-01,32615.02,34642.38,32257.27,33599.26,185376,12627,0,0.030177507173075522
281,2021-02-02,33552.18,35943.17,33369.23,35596.47,175744,12625,0,0.06092867885186599
282,2021-02-03,35608.08,37400.75,35315.26,37220.51,145422,12601,0,0.045282699881599914
283,2021-02-04,37238.54,38692.01,36108.99,37592.38,114537,12602,0,0.009501983697534772
284,2021-02-05,37590.0,38287.73,36529.27,37800.12,120624,12601,0,0.005589784517158888
285,2021-02-08,38445.71,44769.93,37976.35,44630.74,134657,12601,0,0.16087698731535974
286,2021-02-09,44728.49,48158.25,44246.19,47260.19,134114,12601,0,0.05660150834512868
287,2021-02-10,46959.02,47329.76,43663.11,44952.43,102371,12601,0,-0.042730661755718
288,2021-02-11,44913.48,48615.75,43939.5,46848.05,102327,12601,0,0.043073259965604974
289,2021-02-12,47088.49,48937.86,46122.75,47890.02,105338,12603,0,0.017021781756008717
290,2021-02-15,48809.66,49257.73,45799.49,48111.64,97604,12607,0,-0.014300857658094811
291,2021-02-16,48012.45,50555.25,46968.53,48515.33,125868,12601,0,0.010473949985889174
292,2021-02-17,48472.65,52589.0,48453.99,52342.01,118518,12601,0,0.07982563363051123
293,2021-02-18,52216.22,52496.1,50747.99,51951.2,93492,12614,0,-0.005075434414823671
294,2021-02-19,51984.32,56317.0,50659.49,55417.28,108436,12608,0,0.06603837464835549
295,2021-02-22,57416.66,57586.25,47372.6,54880.16,147558,12600,0,-0.04417707334421751
296,2021-02-23,54913.21,54965.93,44823.92,47899.25,194838,12610,0,-0.12772810039697186
297,2021-02-24,47757.0,51343.5,46915.75,48649.24,177599,12605,0,0.018682915593525515
298,2021-02-25,48373.35,51994.92,47950.79,47950.79,179829,12629,0,-0.008735388390508362
299,2021-02-26,47937.0,48754.0,44060.5,45507.25,194146,12601,0,-0.05068631745833073
300,2021-03-01,45222.19,49487.0,44793.5,48786.42,168604,12607,0,0.07881595296468384
301,2021-03-02,48766.6,50176.88,46961.74,47354.52,150192,12616,0,-0.028955883740100843
302,2021-03-03,47448.15,52563.75,47424.11,50869.73,134449,12604,0,0.07211197907610732
303,2021-03-04,50715.95,51719.39,47373.24,47854.45,145631,12615,0,-0.05642209206373932
304,2021-03-05,48080.67,49390.65,46183.25,49023.09,127573,12621,0,0.019600808391397172
305,2021-03-08,49994.0,51931.52,49239.72,51766.75,124109,12610,0,0.03545925511061327
306,2021-03-09,51677.0,54738.51,51313.57,54219.26,125477,12608,0,0.049195193219420674
307,2021-03-10,54280.82,57343.25,52892.49,56850.0,118953,12605,0,0.04733126728741387
308,2021-03-11,56892.11,57876.07,54179.83,57469.0,118647,12614,0,0.010140070389373841
309,2021-03-12,57611.92,58073.63,54952.25,56838.06,128451,12601,0,-0.013432289706713483
310,2021-03-15,59894.25,60676.14,54555.5,56666.57,140654,12627,0,-0.05388964716980345
311,2021-03-16,56796.58,56870.58,53133.58,56390.76,139652,12611,0,-0.007145148528309269
312,2021-03-17,56567.29,58646.25,54058.5,58378.99,136853,12609,0,0.0320273430104217
313,2021-03-18,58531.2,60022.25,56907.5,57804.25,120740,12601,0,-0.012419871794871746
314,2021-03-19,58030.0,59388.36,56198.0,58309.95,129874,12650,0,0.004824228847147977
315,2021-03-22,57934.98,58372.5,54125.75,54479.43,126388,12601,0,-0.05964531272816531
316,2021-03-23,53776.75,55791.34,52888.99,54584.8,149472,12601,0,0.015026010311147529
317,2021-03-24,54738.16,57142.04,53109.64,53635.1,149568,12601,0,-0.020151572504446713
318,2021-03-25,53347.45,53636.71,50330.07,52357.75,156351,12608,0,-0.018551964526889234
319,2021-03-26,52383.67,54219.25,51161.25,53999.17,106720,12630,0,0.030839763613355078
320,2021-03-29,54895.49,58305.86,54725.06,57160.0,73286,12650,0,0.041251294049839106
321,2021-03-30,57269.51,59340.56,56937.13,58580.75,75462,12601,0,0.022895952837731593
322,2021-03-31,58627.92,59736.28,56757.5,58815.49,84808,12622,0,0.003199328920418799
323,2021-04-01,58969.04,59441.0,57819.24,58751.49,92290,12601,0,-0.0036892240402760994
324,2021-04-02,58808.61,60027.01,58357.46,58651.25,86582,12601,0,-0.0026757986628148595
325,2021-04-05,57925.08,59202.8,56740.06,58696.89,105925,12601,0,0.013324280259949535
326,2021-04-06,58769.97,59408.08,57249.74,58148.98,107682,12603,0,-0.01056645085917175
327,2021-04-07,58128.74,58588.15,55375.64,56123.25,110347,12618,0,-0.03450083383882049
328,2021-04-08,56070.13,58098.5,55627.77,57583.49,96180,12601,0,0.026990484951613287
329,2021-04-09,57507.62,58833.2,57371.88,58275.6,83379,12616,0,0.013354404164178518
330,2021-04-12,59511.02,61140.76,59316.43,59892.94,85148,12617,0,0.006417634918709267
331,2021-04-13,59850.04,63680.5,59644.49,63121.34,111292,12608,0,0.05465827591761001
332,2021-04-14,63085.74,64832.51,61210.25,62292.02,147244,12601,0,-0.012581607190468103
333,2021-04-15,62487.57,63592.44,61955.96,63329.46,128245,12607,0,0.013472919494229003
334,2021-04-16,63396.65,63772.25,59953.36,61890.89,139823,12608,0,-0.02375141273237627
335,2021-04-19,56153.53,57545.81,54234.14,56131.21,136861,12608,0,-0.0003974816899311532
336,2021-04-20,56230.98,57025.51,53335.76,56670.7,141254,12601,0,0.007819888609446143
337,2021-04-21,56724.31,57032.51,54236.54,54917.59,134599,12601,0,-0.03185089426385268
338,2021-04-22,54985.95,55395.82,51356.66,51485.66,140896,12637,0,-0.06365789806305054
339,2021-04-23,51236.84,52144.36,47300.97,50557.5,156670,12601,0,-0.013258819240218494
340,2021-04-26,47856.58,54339.25,46955.49,53186.7,160013,12611,0,0.11137695171698427
341,2021-04-27,52680.24,55341.0,52554.74,55134.72,135923,12632,0,0.04659204286085263
342,2021-04-28,54926.02,56396.88,53798.0,54382.25,136751,12647,0,-0.009900043731550125
343,2021-04-29,54374.1,55167.08,52314.08,52927.22,135501,12637,0,-0.02660972779319561
344,2021-04-30,52881.2,57347.39,52734.74,56683.44,123926,12605,0,0.07190154535071075
345,2021-05-03,57087.0,58924.76,56193.89,56717.25,109489,12648,0,-0.0064769562247096535
346,2021-05-04,56781.58,57468.56,53173.51,54666.5,132820,12604,0,-0.03724940376791209
347,2021-05-05,54432.87,57886.99,52833.75,56793.01,130426,12627,0,0.0433587279156877
348,2021-05-06,56811.2,58332.26,55174.63,55857.0,113330,12664,0,-0.016795983890500413
349,2021-05-07,55850.05,58674.68,55203.75,57543.65,129526,12637,0,0.03032405521570703
350,2021-05-10,57771.79,59557.6,53488.0,55204.74,136498,12623,0,-0.044434316471759015
351,2021-05-11,55146.8,56895.03,54404.48,56811.74,134458,12651,0,0.030191053696678592
352,2021-05-12,56836.47,57976.51,53478.09,54403.99,125063,12667,0,-0.042797872563162406
353,2021-05-13,54329.91,54748.3,46077.25,49195.6,154787,12601,0,-0.09450245730206445
354,2021-05-14,49031.83,51537.46,48345.51,49204.69,126931,12626,0,0.0035254649887634334
355,2021-05-17,44474.03,46574.28,42013.27,44719.34,160097,12601,0,0.005515803267659748
356,2021-05-18,44518.71,45772.99,42331.92,43199.2,161834,12613,0,-0.02963944822300561
357,2021-05-19,43457.02,43527.98,28967.35,38189.74,172012,12600,0,-0.12120665429889116
358,2021-05-20,38494.26,42478.02,34817.91,39983.94,167190,12612,0,0.03869875664579603
359,2021-05-21,39961.27,42247.31,35133.25,35319.25,154271,12641,0,-0.11616297480035037
360,2021-05-24,33251.25,39871.58,33251.25,38916.17,169951,12601,0,0.17036712905529863
361,2021-05-25,39158.06,39790.65,36425.0,37565.26,160902,12601,0,-0.040676172415078676
362,2021-05-26,37720.4,40859.51,37374.69,38699.58,152646,12601,0,0.025958897572666256
363,2021-05-27,38414.45,40372.76,37124.66,38414.2,152899,12625,0,-6.507967704861062e-06
364,2021-05-28,38871.86,39127.37,35053.95,35180.0,171425,12601,0,-0.09497513111026847
365,2021-05-31,35985.52,37415.0,34107.48,36615.18,144271,12641,0,0.017497593476487307
366,2021-06-01,36804.56,37850.51,35599.01,36255.36,153771,12601,0,-0.014922064005112331
367,2021-06-02,36216.2,38176.67,35838.29,37674.83,128649,12674,0,0.040275622511472896
368,2021-06-03,37744.09,39428.26,37111.76,38625.72,130254,12623,0,0.023358093942654458
369,2021-06-04,38801.02,39227.51,35482.33,36933.25,133648,12621,0,-0.04813713660104804
370,2021-06-07,35819.98,36748.43,33941.0,34351.82,122546,12620,0,-0.040987180897365194
371,2021-06-08,35491.01,35491.01,30925.17,33555.96,158642,12625,0,-0.05452225789009675
372,2021-06-09,33634.36,36923.75,32362.25,36317.42,159711,12625,0,0.07977140043693406
373,2021-06-10,36351.19,38379.12,35741.56,36402.13,154300,12604,0,0.0014013296401024298
374,2021-06-11,36599.99,37645.67,35843.97,37137.41,141048,12602,0,0.014683610569292658
375,2021-06-14,38849.25,40988.25,38621.08,39757.88,146169,12601,0,0.023388611105748434
376,2021-06-15,39776.67,41261.55,39431.53,39880.02,146879,12625,0,0.002598256716814116
377,2021-06-16,39873.2,40446.38,38209.18,38452.32,139192,12601,0,-0.035634962832177944
378,2021-06-17,38538.27,39505.55,37289.09,37653.59,122936,12625,0,-0.022955882555184763
379,2021-06-18,37648.8,38145.86,35061.62,35387.95,101191,12693,0,-0.06005105076390232
380,2021-06-21,35838.97,35838.97,31609.95,32490.09,132012,12606,0,-0.09344241756947817
381,2021-06-22,32330.6,33249.42,28737.0,32810.74,146394,12604,0,0.014850946162459078
382,2021-06-23,32824.51,34778.36,31645.25,32964.33,138432,12603,0,0.004259621849648318
383,2021-06-24,33094.26,35201.04,32254.99,34779.72,128562,12605,0,0.05092907350096358
384,2021-06-25,34702.48,35433.45,31407.5,32162.26,132515,12606,0,-0.07319995573803384
385,2021-06-28,32668.84,35233.37,32338.6,34560.58,115140,12604,0,0.05790655560466798
386,2021-06-29,34549.08,36569.89,34029.89,36082.47,120766,12601,0,0.044382947389626566
387,2021-06-30,36159.63,36250.66,33970.84,34504.65,115646,12607,0,-0.04576872053170887
388,2021-07-01,34591.15,35157.04,32623.4,33316.34,117193,12610,0,-0.036853646091558244
389,2021-07-02,33405.05,33912.88,32639.76,33053.51,130827,12610,0,-0.010523558563750117
390,2021-07-05,35498.01,35882.3,33019.13,33792.63,99265,12649,0,-0.04804156627371519
391,2021-07-06,33873.45,35052.72,33458.83,33868.14,99280,12623,0,-0.00015675994030716305
392,2021-07-07,33797.25,35006.63,33544.92,34451.0,87991,12624,0,0.01934328976469979
393,2021-07-08,34433.52,34480.01,32015.91,32728.95,104635,12601,0,-0.04950321663309462
394,2021-07-09,32792.56,33630.51,32183.02,33450.01,99873,12650,0,0.0200487549614914
395,2021-07-12,33748.32,34617.38,32584.1,32775.83,70963,12627,0,-0.028815952912618997
396,2021-07-13,32838.32,33278.11,32123.7,32432.94,65263,12647,0,-0.012344724090635606
397,2021-07-14,32519.44,33035.74,31516.3,32736.33,72117,12640,0,0.006669549045125103
398,2021-07-15,32755.33,33122.55,31059.92,31674.06,71530,12620,0,-0.03301050546582802
399,2021-07-16,31669.72,32192.75,30955.27,31804.38,79221,12603,0,0.004252011069248476
400,2021-07-19,31544.55,31858.79,30346.25,30698.66,72914,12622,0,-0.026815725695880886
401,2021-07-20,30731.66,30994.93,29208.05,29783.32,77308,12651,0,-0.0308587300523304
402,2021-07-21,29806.32,32750.92,29425.17,31702.71,79047,12614,0,0.06362375496203487
403,2021-07-22,31686.21,32540.4,31563.17,32171.51,78845,12628,0,0.015315810884293176
404,2021-07-23,32190.84,32863.54,31933.08,32422.25,56886,12604,0,0.007188690944380446
405,2021-07-26,34402.99,40495.65,34388.38,37685.8,96057,12601,0,0.09542222928879161
406,2021-07-27,37422.26,38724.32,36330.26,37987.91,95649,12601,0,0.015115335097345842
407,2021-07-28,37974.14,40871.53,37885.34,39860.71,105064,12609,0,0.04968038775861678
408,2021-07-29,39919.56,40580.53,39186.69,39662.94,80307,12612,0,-0.006428427567838808
409,2021-07-30,39627.44,41555.36,38244.19,40633.58,67051,12601,0,0.02538998229509651
410,2021-08-02,41022.78,41242.18,38604.11,38756.81,81993,12617,0,-0.05523687083127963
411,2021-08-03,38875.77,39716.68,37507.0,37986.91,76699,12607,0,-0.02286411304522054
412,2021-08-04,37999.91,39801.01,37388.55,39691.43,72918,12603,0,0.04451378963792274
413,2021-08-05,39751.33,41332.4,37152.7,40795.19,80073,12601,0,0.026259750302694288
414,2021-08-06,40874.73,43311.61,39786.24,42663.75,90413,12604,0,0.043768362506614644
415,2021-08-09,43872.8,46437.86,42710.28,45399.35,88659,12601,0,0.03479490709505652
416,2021-08-10,45514.35,46653.73,44585.35,45565.92,88559,12673,0,0.0011330492471055768
417,2021-08-11,45591.92,46721.09,45171.48,46261.6,80215,12606,0,0.014688567623385905
418,2021-08-12,46029.6,46321.9,43714.0,44420.18,85547,12601,0,-0.034964892156351526
419,2021-08-13,44195.68,47826.1,43817.05,47452.41,79670,12606,0,0.07368887637886787
420,2021-08-16,46719.54,47997.99,45603.72,46012.46,89794,12609,0,-0.015134566821505557
421,2021-08-17,46053.02,47108.97,44457.04,44904.29,98083,12619,0,-0.024943641046776
422,2021-08-18,44902.79,45974.26,44135.53,44466.5,103321,12601,0,-0.009716322749655441
423,2021-08-19,44622.52,46823.36,43870.13,46526.46,109580,12602,0,0.04266769335304242
424,2021-08-20,46492.46,49057.01,46267.74,48607.26,93980,12626,0,0.045486945625161646
425,2021-08-23,48239.58,50463.84,48187.28,49452.2,99907,12604,0,0.02513744937248615
426,2021-08-24,49537.7,49822.82,47658.44,48263.77,96968,12607,0,-0.025716373590215138
427,2021-08-25,48236.27,49105.06,47052.51,48586.79,96986,12645,0,0.007266731030405213
428,2021-08-26,48671.79,49308.01,46237.0,46923.42,103374,12601,0,-0.035921629346280515
429,2021-08-27,47079.94,49108.74,46292.58,48850.26,90058,12610,0,0.03760242685101127
430,2021-08-30,48891.95,49356.15,47334.46,48570.28,81120,12641,0,-0.006579201688621507
431,2021-08-31,48548.71,48578.78,46630.25,46934.15,91747,12625,0,-0.03325649641360188
432,2021-09-01,46837.0,49042.13,46446.37,48200.94,82702,12606,0,0.02912099408587233
433,2021-09-02,48225.44,50321.72,48172.94,49488.26,83823,12602,0,0.02618576419416805
434,2021-09-03,49556.76,51018.64,48263.37,50130.55,99811,12675,0,0.011578440559875199
435,2021-09-06,51436.8,52163.76,50937.0,51863.82,84597,12601,0,0.008301838372527
436,2021-09-07,51919.95,52891.23,42715.01,46697.81,109759,12608,0,-0.10058060533571392
437,2021-09-08,46777.31,47316.82,44359.44,45982.87,115465,12613,0,-0.016983447744216056
438,2021-09-09,46104.37,47345.26,45414.34,46148.89,118304,12624,0,0.0009656351447812169
439,2021-09-10,46110.7,46977.82,44645.3,45002.01,104478,12614,0,-0.02404409388710202
440,2021-09-13,44942.66,46803.51,43276.26,45022.61,121919,12621,0,0.0017789334231662541
441,2021-09-14,45165.11,46918.18,44591.36,46765.37,109065,12625,0,0.035431331839997776
442,2021-09-15,46710.87,48394.26,46308.94,47849.99,102267,12610,0,0.024386614935666906
443,2021-09-16,47877.49,48452.8,46943.71,47040.46,87729,12625,0,-0.017482746067097477
444,2021-09-17,47193.46,48103.54,46645.55,47007.65,79843,12601,0,-0.003937198077869215
445,2021-09-20,47578.86,47612.61,42367.16,43460.76,105607,12612,0,-0.08655314566174975
446,2021-09-21,43455.26,43866.75,40037.48,40796.54,112544,12700,0,-0.061182926992037354
447,2021-09-22,40524.54,43967.67,39467.69,43309.82,109176,12603,0,0.06873069996599589
448,2021-09-23,43346.82,44890.25,42948.85,44618.26,86876,12700,0,0.02933179412007622
449,2021-09-24,44665.26,45080.08,40600.11,42905.68,112576,12616,0,-0.03939482273247714
450,2021-09-27,43493.39,44306.08,42526.34,42577.85,115024,12620,0,-0.021050095198373843
451,2021-09-28,42689.85,43361.03,41052.69,41703.19,115327,12640,0,-0.023112285473010474
452,2021-09-29,41785.19,42533.51,40675.11,41053.2,100782,12644,0,-0.017517929199316915
453,2021-09-30,41168.7,44040.98,40884.59,43340.5,103409,12634,0,0.05275366965680245
454,2021-10-01,43408.5,48147.63,43203.53,48065.53,90950,12633,0,0.10728382690026145
455,2021-10-04,48194.94,49456.91,46844.75,48910.18,128829,12601,0,0.014840562100502623
456,2021-10-05,49043.68,51734.79,48496.1,51385.62,137454,12601,0,0.04775212626784944
457,2021-10-06,51328.12,55346.79,50347.0,54876.27,150485,12601,0,0.06912682560748365
458,2021-10-07,54910.27,55714.05,53303.17,54129.32,155284,12601,0,-0.014222293935178194
459,2021-10-08,54172.82,56089.09,53557.5,53890.77,138087,12624,0,-0.005206485466328002
460,2021-10-11,54687.33,57772.08,54289.15,57250.57,134595,12622,0,0.04687081998700609
461,2021-10-12,57052.57,57624.67,53752.79,55264.29,122689,12624,0,-0.031344424975071214
462,2021-10-13,55044.55,57433.1,54121.47,56912.54,115729,12601,0,0.03393596641266025
463,2021-10-14,56959.04,58494.51,56671.44,57338.22,112050,12650,0,0.00665706444490638
464,2021-10-15,57417.72,62813.5,56793.76,62400.18,117191,12601,0,0.08677565044380026
465,2021-10-18,59517.3,62615.26,59494.3,61290.94,124792,12607,0,0.02980041097294399
466,2021-10-19,61148.44,64305.39,61043.94,64040.31,110030,12601,0,0.047292621038247176
467,2021-10-20,63947.31,66957.01,63454.26,65928.12,105534,12601,0,0.03097565792837881
468,2021-10-21,65757.47,66602.64,61833.18,62591.16,124249,12650,0,-0.0481513355060649
469,2021-10-22,62769.66,63701.01,59887.76,60699.01,135108,12622,0,-0.032988070988436154
470,2021-10-25,61154.49,63671.26,60578.85,62470.31,117264,12625,0,0.021516326928734092
471,2021-10-26,62550.81,63226.01,61693.74,62020.84,104453,12606,0,-0.008472632089016932
472,2021-10-27,61871.84,61956.44,57928.97,58787.86,132832,12601,0,-0.04984464661144708
473,2021-10-28,58843.36,62426.94,57739.36,61329.2,132277,12625,0,0.04224503835267049
474,2021-10-29,60735.7,62922.66,60074.83,62335.26,121391,12609,0,0.02633640511264388
475,2021-11-01,61336.16,62419.51,59317.59,60702.19,124070,12650,0,-0.010335991036934838
476,2021-11-02,60839.54,64248.76,60564.96,62966.2,117692,12611,0,0.03495522812960118
477,2021-11-03,62920.41,63494.2,60160.14,63069.08,79491,12628,0,0.002362826307075848
478,2021-11-04,63001.65,63055.66,60610.42,61279.92,59565,12603,0,-0.02732833187702232
479,2021-11-05,61273.17,62562.22,60699.64,60843.82,54270,12650,0,-0.007007145215434399
480,2021-11-08,62934.6,66495.08,62718.63,65966.86,58079,12608,0,0.04818112771035332
481,2021-11-09,66086.86,68455.71,66020.06,67642.66,53076,12613,0,0.023541744909653793
482,2021-11-10,67558.16,68977.73,62737.0,64147.54,57684,12604,0,-0.05048420501683294
483,2021-11-11,64061.04,65534.27,64030.04,64960.82,59485,12601,0,0.014045666445627464
484,2021-11-12,64884.82,65424.15,62227.22,63967.35,81302,12601,0,-0.0141399791199236
485,2021-11-15,64380.97,66272.44,63315.75,63777.83,70875,12668,0,-0.009368296252759152
486,2021-11-16,63688.92,63959.93,58504.27,60400.2,115438,12634,0,-0.051637239256059
487,2021-11-17,60526.2,61103.0,58308.06,60043.2,82680,12610,0,-0.007980015266116162
488,2021-11-18,60050.2,60898.94,56535.12,57511.83,79701,12602,0,-0.04227080009725189
489,2021-11-19,57299.83,58327.01,55546.86,57833.07,81294,12609,0,0.009306135812270262
490,2021-11-22,59361.56,59498.62,55550.63,56193.25,106472,12650,0,-0.05337309194704448
491,2021-11-23,56349.25,57812.74,55300.6,57615.46,92057,12700,0,0.022470751607164233
492,2021-11-24,57608.82,57691.66,55798.67,57254.29,66220,12650,0,-0.006154092376827
493,2021-11-25,57321.52,59393.75,56779.72,58755.35,59913,12642,0,0.025013816800391928
494,2021-11-26,58762.35,59288.81,53439.18,54125.59,88457,12601,0,-0.07890698721204993
495,2021-11-29,56464.91,58843.16,56008.85,58239.12,67707,12601,0,0.03142146157675624
496,2021-11-30,58299.62,59177.3,55844.69,57057.85,89094,12601,0,-0.021299795779114925
497,2021-12-01,57115.85,59029.66,56395.24,56911.31,77331,12616,0,-0.0035811425374917974
498,2021-12-02,57060.31,57354.16,55752.07,56832.03,73933,12650,0,-0.004000679281272724
499,2021-12-03,56725.53,57614.66,51489.12,53579.07,75968,12601,0,-0.05546814635314997
500,2021-12-06,49030.69,50534.95,47086.63,50030.01,90917,12601,0,0.020381520227433055
501,2021-12-07,50126.13,51898.91,50035.94,50413.47,66421,12601,0,0.005732339600124801
502,2021-12-08,50334.47,51179.17,48563.08,50541.97,67202,12610,0,0.004122423460503309
503,2021-12-09,50593.47,50773.09,47263.05,47928.24,73406,12614,0,-0.052679327984421764
504,2021-12-10,48179.24,50045.6,47179.53,47982.47,76367,12645,0,-0.004084124199551442
505,2021-12-13,49915.16,50317.2,45613.59,46731.87,76505,12601,0,-0.06377401174312575
506,2021-12-14,46651.92,48594.67,46213.77,48213.46,78155,12601,0,0.03347214862753775
507,2021-12-15,48169.58,49445.0,46483.43,49090.35,74679,12624,0,0.019115176009423307
508,2021-12-16,49070.54,49378.74,47595.42,48035.54,60391,12601,0,-0.021092084986225952
509,2021-12-17,47768.54,47950.99,45363.97,46879.15,68899,12602,0,-0.018618739446505994
510,2021-12-20,46758.03,47492.4,45497.41,46911.22,73488,12623,0,0.003276228703390676
511,2021-12-21,46992.72,49271.67,46585.67,49014.37,59890,12601,0,0.043020493387060835
512,2021-12-22,48986.37,49517.71,48379.55,48977.94,53029,12650,0,-0.00017208868507709982
513,2021-12-23,48978.44,51312.95,47950.58,50754.29,56307,12601,0,0.036257790162365286
514,2021-12-24,50726.79,51462.62,50353.22,50876.41,42853,12650,0,0.0029495262759579822
515,2021-12-27,50852.13,52043.69,50391.43,50889.22,50301,12607,0,0.0007293696448900721
516,2021-12-28,51027.72,51168.96,47236.71,47479.43,72296,12601,0,-0.06953651858244893
517,2021-12-29,47546.93,48091.73,46521.95,47162.7,60392,12650,0,-0.00808106853586558
518,2021-12-30,47056.7,47863.76,45832.91,47220.76,57521,12630,0,0.003486432325258783
519,2021-12-31,47219.76,48537.17,46650.1,47468.71,44184,12706,0,0.0052721572494226375
520,2022-01-03,47037.75,47510.61,45610.51,45893.25,60672,12663,0,-0.024331520959229556
521,2022-01-04,45978.25,47462.6,45457.13,46112.57,59314,12603,0,0.0029213813052910826
522,2022-01-05,46060.89,47004.68,43301.31,43509.07,63599,12601,0,-0.05540101374506658
523,2022-01-06,43596.07,43724.78,42337.46,43032.46,80322,12688,0,-0.01292800016148246
524,2022-01-07,43066.87,43175.05,40537.0,41866.38,80476,12683,0,-0.027875023190680102
525,2022-01-10,42251.03,42433.95,39577.45,41661.88,77193,12616,0,-0.013944038760711904
526,2022-01-11,41735.88,43050.72,41192.5,42590.86,68820,12646,0,0.020485491140956012
527,2022-01-12,42580.36,44288.63,42398.67,43714.42,59890,12617,0,0.026633405635837687
528,2022-01-13,43726.92,44367.88,42245.29,42737.82,60666,12633,0,-0.022619932984074765
529,2022-01-14,42756.32,43414.99,41704.99,43259.8,61834,12650,0,0.011775569085459254
530,2022-01-17,43015.67,43233.02,41536.61,41666.71,55128,12650,0,-0.03135973471992879
531,2022-01-18,41571.21,42435.74,41202.7,42318.24,65913,12667,0,0.017969888295288946
532,2022-01-19,42235.24,42619.2,41068.97,41639.01,65085,12639,0,-0.014116884383751482
533,2022-01-20,41638.01,43445.87,41222.38,41249.99,57122,12627,0,-0.009318889159208234
534,2022-01-21,41340.06,41455.94,36049.72,36549.59,107025,12650,0,-0.1158796092700398
535,2022-01-24,35287.36,37490.35,32848.02,36720.57,111253,12613,0,0.04061539316061046
536,2022-01-25,36702.07,37496.36,35638.72,36494.51,90931,12624,0,-0.0056552668555206196
537,2022-01-26,36546.01,38859.67,36247.49,36253.99,84725,12646,0,-0.007990475567647579
538,2022-01-27,36365.49,37141.64,35435.73,36124.23,82564,12601,0,-0.006634311815955038
539,2022-01-28,36091.73,37948.2,35849.5,37733.86,83448,12611,0,0.045498788780698435
540,2022-01-31,37710.25,38691.4,36575.08,38347.43,65669,12609,0,0.016896732320788123
541,2022-02-01,38413.93,39228.42,37922.96,38735.62,71453,12601,0,0.008374305883308538
542,2022-02-02,38788.12,38852.39,36517.54,36853.42,68607,12613,0,-0.04987867419199498
543,2022-02-03,36865.42,37182.92,36203.89,36895.87,71812,12614,0,0.0008259772979666139
544,2022-02-04,36810.87,40855.61,36737.47,40502.95,69748,12621,0,0.1002986346152643
545,2022-02-07,41653.17,44481.7,41427.43,44030.99,73142,12601,0,0.05708617135262454
546,2022-02-08,44008.39,45458.12,42630.72,44147.15,72184,12612,0,0.0031530351371636643
547,2022-02-09,44108.65,44826.18,43070.96,44439.18,56793,4474,0,0.007493541516233184
548,2022-02-10,44468.25,45816.68,43162.68,43724.18,74252,4464,0,-0.01673261259437913
549,2022-02-11,43755.5,44060.18,42020.68,42531.68,77308,4465,0,-0.0279695124041549
550,2022-02-12,42541.52,43012.68,41702.18,41849.18,60668,4464,0,-0.016274453757176437
551,2022-02-13,41871.77,42747.68,41828.8,42169.68,42613,4464,0,0.00711481745338216
552,2022-02-14,42204.56,42837.18,41516.18,42204.18,63357,4464,0,-9.003766417595177e-06
553,2022-02-15,42230.54,44516.68,42221.49,43954.68,56786,4464,0,0.04082685184702822
554,2022-02-16,43969.88,44762.68,43295.68,44062.18,55438,4464,0,0.002099164246070331
555,2022-02-17,44069.27,44183.18,40041.18,40656.63,66270,4464,0,-0.07743808781039485
556,2022-02-18,40670.57,40957.68,39418.18,39963.68,65781,4464,0,-0.017380872704759225
557,2022-02-19,39963.28,40447.18,39625.18,39897.18,37050,4464,0,-0.0016540183888809565
558,2022-02-20,39921.58,40127.18,37953.18,38213.18,44860,4464,0,-0.04279389743592316
559,2022-02-21,38235.26,39474.18,36954.48,37009.68,84217,4464,0,-0.03205365937095764
560,2022-02-22,37063.93,38285.18,36320.68,37852.68,94782,4464,0,0.021280797799909507
561,2022-02-23,37868.95,39233.68,37366.18,37483.37,67869,4464,0,-0.010181956457731057
562,2022-02-24,37517.53,39757.68,34296.68,38361.18,117971,4464,0,0.022486821493845715
563,2022-02-25,38392.71,39674.18,37732.68,38958.68,84953,4464,0,0.014741600684088235
564,2022-02-26,38970.37,40263.18,38549.68,39409.18,57867,4464,0,0.011260093245201358
565,2022-02-27,39457.68,39833.68,36970.68,37388.68,61502,4464,0,-0.05243592628862113
566,2022-02-28,37408.56,41939.68,37290.86,41615.08,89056,4464,0,0.11244806001621031
567,2022-03-01,41637.6,44963.68,41621.42,43846.68,84047,4464,0,0.05305493111994932
568,2022-03-02,43888.14,45269.68,43311.68,44019.18,76540,4464,0,0.0029857724660922263
569,2022-03-03,44057.22,44315.18,41787.18,42069.18,68832,4464,0,-0.04512404550264408
570,2022-03-04,42063.71,42684.22,39038.68,39345.68,80963,4464,0,-0.06461698219201299
571,2022-03-05,39375.18,39592.93,38512.68,39321.68,44978,4464,0,-0.0013587239474206847
572,2022-03-06,39360.63,39667.18,38061.18,38967.68,48890,4464,0,-0.00998332597826806
573,2022-03-07,39006.83,39521.68,37127.68,37791.68,83499,4464,0,-0.03115223667239818
574,2022-03-08,37810.26,39351.18,37762.97,38448.18,96088,4464,0,0.01687161103890844
575,2022-03-09,38474.15,42566.68,38453.09,41855.18,77966,4464,0,0.08787796481533702
576,2022-03-10,41871.24,42122.18,38519.18,39287.18,88807,4464,0,-0.06171443692615738
577,2022-03-11,39309.08,40236.68,38199.18,38819.18,78142,4464,0,-0.012462769416124758
578,2022-03-12,38835.28,39427.68,38622.68,39057.68,45608,4465,0,0.005726751551681911
579,2022-03-13,39070.99,39276.68,38323.18,38692.18,37210,4464,0,-0.009695428756732238
580,2022-03-14,38692.68,39278.68,37502.68,38681.68,71052,4464,0,-0.00028429149906390565
581,2022-03-15,38681.68,39893.68,38077.68,39621.73,71352,4464,0,0.024302201972613468
582,2022-03-16,39625.98,41682.68,38787.18,41076.68,95417,4464,0,0.036609820123060605
583,2022-03-17,41077.18,41465.68,40486.18,40966.68,55141,4465,0,-0.0026900580809101305
584,2022-03-18,40969.18,42320.18,40126.68,41779.68,58786,4465,0,0.019783163831934153
585,2022-03-19,41779.68,42368.18,41479.68,42122.39,32304,4465,0,0.008202791404816867
586,2022-03-20,42122.39,42291.68,40890.68,41333.18,42727,4464,0,-0.01873611635047297
587,2022-03-21,41334.18,41536.18,40458.68,41281.18,59007,4464,0,-0.0012822317994453985
588,2022-03-22,41281.18,43349.68,40844.18,42813.68,58006,4464,0,0.03712345431986198
589,2022-03-23,42815.68,42830.18,41708.18,42357.18,56699,4464,0,-0.010708693637471131
590,2022-03-24,42360.18,44218.68,42298.18,44010.68,60357,4464,0,0.03896347938087137
591,2022-03-25,44011.18,45110.18,43516.29,44524.28,75734,4464,0,0.011658401342567924
592,2022-03-26,44485.18,44778.68,44056.68,44430.68,34859,4465,0,-0.0012251271097475608
593,2022-03-27,44431.18,46598.18,44350.68,46076.18,32992,4465,0,0.03702354967840152
594,2022-03-28,46106.8,48206.18,45822.18,47932.68,62715,4464,0,0.039601100054655655
595,2022-03-29,47941.28,48127.68,46868.68,47453.18,57219,4464,0,-0.010181205007459095
596,2022-03-30,47474.29,47694.68,46499.18,47261.68,54104,4464,0,-0.004478424005919848
597,2022-03-31,47256.34,47599.18,45474.18,45720.68,63754,4464,0,-0.032496380379860065
598,2022-04-01,45743.18,46708.18,44188.18,46116.18,69811,4464,0,0.008154221022674855
599,2022-04-02,46143.34,47188.18,45577.18,46144.18,57823,4464,0,1.820414387003159e-05
600,2022-04-03,46172.93,46757.18,45514.68,46338.68,40919,4464,0,0.0035897656917159037
601,2022-04-04,46360.65,47425.68,45087.18,46285.68,75788,4464,0,-0.0016171041605327183
602,2022-04-05,46292.66,47178.18,45445.18,45853.18,60379,4464,0,-0.009493513658536864
603,2022-04-06,45869.4,46031.18,43156.18,43840.46,86612,4464,0,-0.044232974488438964
604,2022-04-07,43853.8,43996.68,42691.18,43540.68,71754,4465,0,-0.0071400882021627
605,2022-04-08,43553.68,43961.68,42372.68,42775.46,78767,4464,0,-0.017868065339140142
606,2022-04-09,42788.3,42856.3,42080.68,42404.68,61115,4465,0,-0.008965534971008491
607,2022-04-10,42421.0,43410.68,42376.18,43053.18,32164,4464,0,0.014902524692958684
608,2022-04-11,43053.18,43171.68,39432.18,39798.18,89764,4465,0,-0.07560417139918585
609,2022-04-12,39811.66,40675.68,39162.68,39492.68,77217,4465,0,-0.008012225564068496
610,2022-04-13,39508.42,41539.12,39460.68,41209.11,67210,4464,0,0.04304626709951961
611,2022-04-14,41225.75,41476.68,39510.68,39880.68,84345,4464,0,-0.03262693826067445
612,2022-04-15,39895.38,40814.18,39741.67,40354.68,40197,4464,0,0.01151261123468439
613,2022-04-16,40383.29,40682.18,39963.68,40240.77,31004,4464,0,-0.0035291824910749984
614,2022-04-17,40265.41,40654.68,39780.18,40230.18,37785,4464,0,-0.0008749445243449204
615,2022-04-18,40248.56,40985.68,38511.68,40645.18,61863,4464,0,0.009854265593601428
616,2022-04-19,40646.29,41738.68,40553.68,41253.68,55099,4465,0,0.014943307248951859
617,2022-04-20,41277.98,42185.18,40830.18,41397.68,53865,4465,0,0.0028998512039590378
618,2022-04-21,41409.92,42970.18,40512.18,40568.68,71467,4465,0,-0.02031493902910216
619,2022-04-22,40594.79,40817.18,39122.68,39574.89,72220,4464,0,-0.02512391368449009
620,2022-04-23,39600.18,39954.18,39251.68,39783.68,32266,4465,0,0.004633817321032379
621,2022-04-24,39792.91,39925.18,38869.68,39472.27,44248,4465,0,-0.008057716814377402
622,2022-04-25,39496.56,40365.68,38149.19,40150.68,85686,4465,0,0.016561442312950866
623,2022-04-26,40164.6,40777.68,37652.18,38081.56,80107,4464,0,-0.05186258546082871
624,2022-04-27,38099.8,39443.18,37668.68,39056.18,73408,4464,0,0.025101969039207483
625,2022-04-28,39089.34,40353.18,38845.68,39843.24,76933,4465,0,0.019286588108164568
626,2022-04-29,39851.8,39964.68,38131.68,38514.18,79426,4465,0,-0.03356485779814218
627,2022-04-30,38542.2,38770.18,38123.18,38297.18,49282,4464,0,-0.0063571877059430135
628,2022-05-01,38314.26,38680.68,37346.68,38275.18,47869,4464,0,-0.0010199857703111516
629,2022-05-02,38288.24,39138.68,38012.44,38276.71,99885,4464,0,-0.00030113685037491504
630,2022-05-03,38282.23,38886.18,37471.68,37734.18,71753,4464,0,-0.014316041672598562
631,2022-05-04,37747.45,40010.68,37583.68,39762.64,68374,4464,0,0.05338612277120713
632,2022-05-05,39759.12,39855.68,35507.18,36396.1,77816,4464,0,-0.08458487008766803
633,2022-05-06,36437.71,36626.68,35207.68,36031.19,112285,4464,0,-0.011156573780295106
634,2022-05-07,36054.81,36089.18,35674.68,35738.18,43836,4465,0,-0.008781907323877102
635,2022-05-08,35745.04,35777.89,33634.68,34180.49,82803,4464,0,-0.04376970902816175
636,2022-05-09,34195.95,34430.18,30283.18,30913.68,132715,4464,0,-0.09598417356441324
637,2022-05-10,30929.18,32613.68,29692.18,30963.61,146140,4464,0,0.001113188257819971
638,2022-05-11,30974.16,32119.18,28089.18,28358.68,172578,4464,0,-0.08444070799660103
639,2022-05-12,28378.03,30061.18,25259.68,28490.79,200958,4464,0,0.003973496398446335
640,2022-05-13,28513.89,30958.68,27899.68,29711.18,144104,4464,0,0.04198971097945601
641,2022-05-14,29729.4,30046.18,28531.68,29292.68,66388,4464,0,-0.01468983565090453
642,2022-05-15,29320.84,31063.18,29293.18,30979.31,69960,4465,0,0.05656284062803116
643,2022-05-16,31003.91,31369.18,29008.18,29861.8,101655,4465,0,-0.03683761177219262
644,2022-05-17,29887.66,30725.68,29367.18,30034.38,81744,4464,0,0.004909049420396282
645,2022-05-18,30047.39,30655.18,28671.68,29175.18,90499,4464,0,-0.029027812399013662
646,2022-05-19,29181.93,30486.18,28573.18,30201.18,85170,4465,0,0.03492743625935639
647,2022-05-20,30215.63,30706.18,28670.18,29081.67,89483,4464,0,-0.03752892129007414
648,2022-05-21,29074.78,29593.18,28879.18,29349.68,51183,4464,0,0.009454929667567613
649,2022-05-22,29363.33,30265.18,29186.68,29876.49,39509,4465,0,0.017476219488729645
650,2022-05-23,29883.51,30615.68,28979.68,29276.18,77825,4464,0,-0.02032324850728707
651,2022-05-24,29292.12,29581.68,28593.18,29401.68,63283,4464,0,0.0037402550583570363
652,2022-05-25,29415.52,30171.68,29274.68,29727.18,66882,4464,0,0.01059508721926384
653,2022-05-26,29744.29,29824.85,27940.18,29393.68,74310,4465,0,-0.01178747248631588
654,2022-05-27,29402.65,29637.18,28218.68,28701.74,84140,4464,0,-0.02383832749769153
655,2022-05-28,28701.74,29205.68,28460.18,28962.18,63295,4465,0,0.009074014328051145
656,2022-05-29,28978.67,29425.18,28782.68,29123.18,40624,4465,0,0.004986771304549244
657,2022-05-30,29140.49,31365.68,29094.18,31222.75,50350,4464,0,0.07145590207988947
658,2022-05-31,31234.47,32351.18,31168.68,31772.32,72274,4464,0,0.01721975753070241
659,2022-06-01,31772.32,31930.18,29247.28,29585.68,74332,4464,0,-0.0688221697376836
660,2022-06-02,29594.05,30351.68,29457.69,30180.1,61211,4464,0,0.019802967150491374
661,2022-06-03,30192.75,30652.18,29214.36,29612.51,61917,4464,0,-0.019217858591880556
662,2022-06-04,29612.54,29929.18,29425.68,29690.68,45469,4464,0,0.002638746963279726
663,2022-06-05,29720.73,30119.68,29478.68,29894.68,34130,4464,0,0.00585281720872942
664,2022-06-06,29903.35,31714.18,29758.19,31412.68,60883,4464,0,0.050473609144126054
665,2022-06-07,31412.25,31539.18,29133.68,31302.62,82931,3183,0,-0.003490039713805952
666,2022-06-08,31312.64,31490.62,29802.53,30148.12,88179,3175,0,-0.03719009320197851
667,2022-06-09,30156.21,30663.62,29890.62,30125.12,64406,3175,0,-0.0010309650980676998
668,2022-06-10,30144.8,30330.62,28803.12,29151.21,71533,3175,0,-0.03296057694859479
669,2022-06-11,29151.35,29402.12,28050.12,28347.62,70552,3176,0,-0.027570935822869253
670,2022-06-12,28358.92,28634.12,26828.62,27315.12,77173,3175,0,-0.036806761329415905
671,2022-06-13,27323.87,27480.62,22530.62,23152.12,186705,3175,0,-0.15267786005423098
672,2022-06-14,23185.97,23328.5,20786.12,21916.62,172708,3175,0,-0.0547464695244582
673,2022-06-15,21949.32,22357.62,20021.62,21592.62,161843,3175,0,-0.016251072926177244
674,2022-06-16,21619.71,22936.62,20439.53,20637.62,158107,3175,0,-0.04542567869781788
675,2022-06-17,20660.92,21312.62,20167.12,20614.08,123443,3175,0,-0.0022670820079646265
676,2022-06-18,20613.86,20729.12,17557.12,17736.12,119584,3175,0,-0.13960218998285626
677,2022-06-19,17765.56,20669.12,17719.71,20576.12,129658,3175,0,0.1582027248226342
678,2022-06-20,20602.79,21021.12,19599.12,20398.62,143534,3176,0,-0.009909822892918963
679,2022-06-21,20407.56,21680.12,20217.62,20802.12,104079,3176,0,0.019334011513380222
680,2022-06-22,20821.27,20993.62,19726.12,19840.65,95899,3176,0,-0.047097031064867755
681,2022-06-23,19840.67,21080.12,19794.62,20765.62,84351,3176,0,0.04661888938226384
682,2022-06-24,20782.39,21418.12,20627.62,21168.05,89574,3176,0,0.018557057200832044
683,2022-06-25,21168.82,21587.12,20872.12,21186.12,86318,3176,0,0.0008172396949853262
684,2022-06-26,21199.33,21856.62,21099.12,21356.25,61038,3176,0,0.007402120727400264
685,2022-06-27,21374.73,21497.62,20464.12,20866.12,72332,3175,0,-0.02379492045045718
686,2022-06-28,20880.85,21173.62,20160.62,20208.57,70418,3176,0,-0.03219600734644418
687,2022-06-29,20230.51,20414.12,19810.12,20160.62,79348,3175,0,-0.003454683050501417
688,2022-06-30,20183.03,20311.12,18565.62,18708.76,85962,3175,0,-0.07304502842239251
689,2022-07-01,18714.7,20854.12,18679.43,19385.7,109847,3175,0,0.03585416811383565
690,2022-07-02,19386.04,19471.63,18933.12,19208.12,134554,3175,0,-0.009177738207493737
691,2022-07-03,19221.88,19609.62,18731.12,19387.12,58963,3176,0,0.008596453624723386
692,2022-07-04,19399.42,20078.62,19009.12,19714.62,73038,3175,0,0.016247908442623582
693,2022-07-05,19740.43,20704.12,19259.12,20417.12,93133,3175,0,0.034279395129690624
694,2022-07-06,20422.63,20457.98,19721.12,20345.12,89311,3175,0,-0.0037952996259542496
695,2022-07-07,20363.1,21808.62,20220.62,21577.12,76927,3175,0,0.059618623883396955
696,2022-07-08,21598.07,22467.62,21151.12,21830.38,106399,3175,0,0.01075605366590632
697,2022-07-09,21829.7,21989.69,21283.12,21640.62,92796,3176,0,-0.008661594066798983
698,2022-07-10,21655.26,21713.12,20610.12,20951.46,78560,3176,0,-0.032500187021536536
699,2022-07-11,20959.26,21151.62,20226.62,20378.12,94422,3176,0,-0.027727123953803688
700,2022-07-12,20395.34,20398.28,19235.12,19414.62,109146,3175,0,-0.048085494039324723
701,2022-07-13,19423.01,20059.12,18871.62,19633.29,112188,3175,0,0.010826334332320402
702,2022-07-14,19635.6,20861.12,19585.12,20638.12,108849,3175,0,0.05105624477988961
703,2022-07-15,20650.44,21172.62,20348.62,20910.93,112360,3176,0,0.012614259066634978
704,2022-07-16,20910.93,21557.12,20454.12,21178.62,89846,3176,0,0.012801439247321793
705,2022-07-17,21188.47,21655.62,20792.12,20905.12,75530,3175,0,-0.013372839095980133
706,2022-07-18,20915.1,22734.12,20725.12,21451.62,135776,3175,0,0.025652279931723993
707,2022-07-19,21471.53,23686.12,21415.62,23276.62,143733,3175,0,0.08406899741192175
708,2022-07-20,23287.06,24261.12,22889.12,23228.12,137401,3176,0,-0.002531019372990937
709,2022-07-21,23241.35,23767.62,22318.62,23094.12,126909,3176,0,-0.006334829947485821
710,2022-07-22,23109.12,23739.12,22489.12,22589.29,107768,3176,0,-0.022494582225545505
711,2022-07-23,22589.28,22987.12,21923.62,22299.12,109684,3176,0,-0.012845030917320067
712,2022-07-24,22311.94,22887.12,22197.62,22704.51,78010,3176,0,0.01759461525981155
713,2022-07-25,22708.86,22996.12,21536.12,22145.86,95477,3175,0,-0.024792085556034075
714,2022-07-26,22154.7,22169.46,20695.42,20959.62,88866,3175,0,-0.05394250429931354
715,2022-07-27,20969.33,23093.62,20793.62,22753.64,92043,3175,0,0.08509141684545941
716,2022-07-28,22770.44,24190.62,22558.12,23988.12,100835,3175,0,0.05347634916145671
717,2022-07-29,24016.87,24428.62,23410.62,23937.5,101402,3175,0,-0.0033047603621953647
718,2022-07-30,23936.05,24650.12,23598.12,23945.12,102828,3176,0,0.0003789263474967553
719,2022-07-31,23954.82,24170.62,23365.34,23775.12,80344,3175,0,-0.007501621803044261
720,2022-08-01,23789.76,23817.21,22836.12,23143.62,97161,3175,0,-0.027160425325854463
721,2022-08-02,23113.42,23443.12,22645.62,23016.12,106601,3175,0,-0.004209675591063515
722,2022-08-03,23018.36,23623.12,22671.62,23300.12,85739,3176,0,0.01224066353988722
723,2022-08-04,23310.78,23356.03,22362.12,22498.12,97173,3175,0,-0.03486198231033024
724,2022-08-05,22495.76,23451.62,22421.62,22969.68,89903,3175,0,0.02106708108550242
725,2022-08-06,22970.15,23343.62,22967.72,23144.12,77679,3175,0,0.007573742443997863
726,2022-08-07,23161.67,23266.12,22838.62,23233.12,43325,3175,0,0.0030848380103852932
727,2022-08-08,23250.66,24228.62,23039.12,24078.62,91863,3175,0,0.03561017192630227
728,2022-08-09,24052.95,24055.26,22850.12,23124.12,89176,3175,0,-0.03861605333233561
729,2022-08-10,23128.4,24175.12,22640.12,23870.62,78956,3175,0,0.03209128171425596
730,2022-08-11,23884.83,24898.62,23756.12,24218.62,80604,3175,0,0.013974979097611213
731,2022-08-12,24197.23,24306.12,23574.12,24220.65,72524,3175,0,0.0009678793812350377
732,2022-08-13,24220.65,24875.12,24064.8,24466.62,94260,3176,0,0.010155383938911529
733,2022-08-14,24478.78,25018.12,24135.62,24291.62,63887,3175,0,-0.007645805877580495
734,2022-08-15,24303.78,25199.62,23860.62,24062.12,95519,3175,0,-0.009943309230086838
735,2022-08-16,24058.68,24231.62,23646.12,23958.69,115840,3175,0,-0.004156088363950208
736,2022-08-17,23965.08,24427.12,23159.12,23421.12,130272,3176,0,-0.02269802562728782
737,2022-08-18,23386.44,23579.62,23213.12,23386.62,130836,3176,0,7.696767870624646e-06
738,2022-08-19,23400.95,23413.12,21126.12,21253.46,177009,3175,0,-0.09176935124428716
739,2022-08-20,21253.67,21348.12,20765.12,20785.12,157060,3175,0,-0.022045604359153
740,2022-08-21,20800.23,21766.62,20746.75,21444.12,106276,3176,0,0.03095590769909753
741,2022-08-22,21452.72,21689.12,20872.12,21099.62,103080,3176,0,-0.016459451295686614
742,2022-08-23,21108.18,21666.12,20865.62,21457.62,106108,3175,0,0.01655471954474515
743,2022-08-24,21461.91,21884.88,21130.62,21677.38,95761,2323,0,0.010039646983889186
744,2022-08-25,21680.61,21801.88,21292.38,21629.38,92518,2324,0,-0.0023629408951131707
745,2022-08-26,21634.88,21863.38,20520.88,20636.57,93394,2324,0,-0.046143542279874036
746,2022-08-27,20636.05,20675.17,19787.88,19980.88,106539,2323,0,-0.03174880851713377
747,2022-08-28,19995.78,20142.88,19792.88,19968.88,62944,2324,0,-0.0013452838548932734
748,2022-08-29,19974.93,20407.38,19499.88,20153.88,106004,2324,0,0.00895872976776393
749,2022-08-30,20164.78,20562.38,19523.38,19957.88,117379,2323,0,-0.010260464036800691
750,2022-08-31,19963.02,20478.38,19734.38,20173.88,124597,2324,0,0.01056253011818856
751,2022-09-01,20179.53,20274.88,19544.38,20052.38,157633,2323,0,-0.006300939615540987
752,2022-09-02,20057.21,20427.88,19739.88,19952.78,139042,2323,0,-0.005206606502100756
753,2022-09-03,19953.05,20040.88,19631.88,19718.88,119450,2323,0,-0.011736050378262886
754,2022-09-04,19732.75,19939.38,19570.38,19885.88,89955,2324,0,0.007760195613890665
755,2022-09-05,19885.88,20045.88,19623.88,19714.99,74094,2323,0,-0.008593534709049808
756,2022-09-06,19727.46,20167.88,18643.38,18968.38,149982,2324,0,-0.038478344399126806
757,2022-09-07,18973.4,19443.38,18513.58,19353.8,83900,2324,0,0.020049121401540988
758,2022-09-08,19375.29,19453.38,19001.88,19366.38,108130,2323,0,-0.00045986408461498406
759,2022-09-09,19369.47,21425.38,19238.38,21290.56,109097,2323,0,0.09918134053229129
760,2022-09-10,21290.57,21666.38,21120.38,21408.88,123059,2323,0,0.005556920270335708
761,2022-09-11,21421.89,21860.88,21341.88,21627.72,110337,2323,0,0.00960839589784103
762,2022-09-12,21627.64,22476.88,21436.55,22397.66,105041,2324,0,0.03560351476166611
763,2022-09-13,22397.74,22774.88,20031.88,20225.59,172273,2324,0,-0.09698076680950851
764,2022-09-14,20225.62,20508.88,19598.38,19933.98,158775,2324,0,-0.014419335476489692
765,2022-09-15,19934.39,20384.88,19471.88,19840.87,159962,2324,0,-0.004691390105240263
766,2022-09-16,19838.43,19879.88,19314.21,19743.44,165532,2323,0,-0.004788181322816452
767,2022-09-17,19743.39,20171.38,19679.38,20068.44,118749,2323,0,0.01646373799028431
768,2022-09-18,20067.08,20130.38,19542.88,19710.43,120597,2324,0,-0.017772889727852854
769,2022-09-19,19709.17,19711.74,18243.88,19509.12,169005,2323,0,-0.010150097644903325
770,2022-09-20,19509.68,19671.38,18703.88,18959.47,153136,2323,0,-0.02820189772461666
771,2022-09-21,18959.23,19888.88,18551.38,18914.31,166605,2323,0,-0.002369294533585924
772,2022-09-22,18914.33,19482.38,18125.88,19232.36,198350,2323,0,0.01681423555579282
773,2022-09-23,19232.37,19502.38,18512.5,18837.91,162355,2324,0,-0.02051021272989232
774,2022-09-24,18838.57,19387.98,18791.86,19134.95,128206,2323,0,0.01573261664765431
775,2022-09-25,19134.95,19169.88,18793.38,18893.44,103577,2323,0,-0.012621407424634088
776,2022-09-26,18892.35,19299.88,18608.88,19103.1,144282,2324,0,0.011155308894870146
777,2022-09-27,19103.15,20365.88,18803.39,19060.4,187087,2323,0,-0.0022378508256491727
778,2022-09-28,19060.4,19645.38,18448.38,19557.25,171754,2323,0,0.02606713395311738
779,2022-09-29,19555.63,19757.88,18829.38,19496.24,163754,2323,0,-0.003036977075144059
780,2022-09-30,19496.24,20166.88,19129.38,19412.14,115484,2323,0,-0.004313652273464123
781,2022-10-01,19412.47,19474.38,19142.88,19240.13,71425,2323,0,-0.008877798652103527
782,2022-10-02,19240.17,19381.38,19018.88,19223.29,67976,2323,0,-0.0008773311254524976
783,2022-10-03,19223.37,19636.88,18905.88,19584.4,149354,2323,0,0.018780786095258142
784,2022-10-04,19584.34,20446.88,19482.38,20324.82,161126,2323,0,0.03780980109618193
785,2022-10-05,20324.82,20397.8,19726.88,19975.29,130841,2323,0,-0.01719720027040824
786,2022-10-06,19968.82,20432.38,19861.38,20039.91,172804,2323,0,0.0035600501181341786
787,2022-10-07,20039.92,20053.38,19307.88,19541.33,126958,2323,0,-0.024879839839679826
788,2022-10-08,19541.33,19634.41,19404.38,19444.29,79127,2323,0,-0.004965885126549772
789,2022-10-09,19444.3,19546.38,19192.43,19471.84,64212,2323,0,0.0014163533786251434
790,2022-10-10,19471.84,19517.38,19078.88,19227.76,138886,2323,0,-0.012535024938578056
791,2022-10-11,19228.3,19268.14,18838.88,19007.57,129506,2323,0,-0.011479433959320355
792,2022-10-12,19007.57,19189.38,18958.88,19158.78,105094,2323,0,0.007955251512949795
793,2022-10-13,19158.79,19495.38,18139.88,19372.61,78332,2323,0,0.011160412531271532
794,2022-10-14,19372.7,19934.38,19097.88,19163.19,90382,2323,0,-0.01081470316476289
795,2022-10-15,19163.34,19216.88,19028.38,19084.89,47753,2323,0,-0.004093754011565871
796,2022-10-16,19084.9,19408.38,18957.38,19319.57,50356,2324,0,0.012296108441752288
797,2022-10-17,19319.6,19664.38,19084.38,19515.99,93749,2324,0,0.010165324333837298
798,2022-10-18,19515.99,19690.88,19073.81,19352.35,95501,2324,0,-0.008384919238019851
799,2022-10-19,19352.35,19364.4,19053.31,19181.71,89214,2638,0,-0.008817533787886196
800,2022-10-20,19181.71,19331.81,18880.31,19014.33,103175,2639,0,-0.008726020777083867
801,2022-10-21,19014.9,19236.81,18643.81,19169.39,83238,2638,0,0.008124681171081517
802,2022-10-22,19169.55,19248.31,19096.31,19205.57,53860,2638,0,0.0018790216776085218
803,2022-10-23,19205.58,19510.31,19056.81,19485.44,41005,2638,0,0.01457180673533405
804,2022-10-24,19484.68,19684.31,19141.81,19376.81,91431,2638,0,-0.005536144293875957
805,2022-10-25,19376.81,20406.31,19223.31,20174.46,96299,2638,0,0.04116518663288734
806,2022-10-26,20177.89,21007.87,19985.81,20738.03,109858,2638,0,0.027760087898189525
807,2022-10-27,20738.09,20898.31,20233.61,20383.03,98106,2638,0,-0.017121152430141895
808,2022-10-28,20383.09,20742.81,19940.81,20619.56,99292,2638,0,0.011601283220551995
809,2022-10-29,20619.6,21065.81,20543.31,20846.98,89113,2638,0,0.011027372014976092
810,2022-10-30,20844.66,20924.31,20541.81,20670.81,60799,2638,0,-0.008340265564417868
811,2022-10-31,20671.81,20822.81,20217.31,20383.21,94523,2639,0,-0.013961041631090947
812,2022-11-01,20383.71,20672.81,20308.81,20435.81,75655,2638,0,0.0025559625799229965
813,2022-11-02,20437.81,20793.88,20038.38,20134.38,90860,2323,0,-0.0148465026340885
814,2022-11-03,20134.88,20377.88,20019.38,20243.88,69142,2324,0,0.005413491413904627
815,2022-11-04,20245.38,21287.88,20144.38,21159.43,85925,2323,0,0.04514857216806991
816,2022-11-05,21157.27,21462.38,21067.88,21313.38,77396,2324,0,0.007378551202494489
817,2022-11-06,21314.38,21354.88,21099.38,21113.38,66560,2323,0,-0.009430253190568996
818,2022-11-07,21117.08,21170.88,20571.88,20671.89,76010,2323,0,-0.02108198671407232
819,2022-11-08,20671.89,20672.49,16898.88,18683.39,166395,2323,0,-0.09619342982184986
820,2022-11-09,18683.39,18710.62,15564.88,15684.81,195950,2323,0,-0.16049442847363354
821,2022-11-10,15681.97,18110.31,15488.38,17789.83,209531,2324,0,0.13441295959627536
822,2022-11-11,17790.1,17817.81,16311.31,16743.82,173924,2639,0,-0.05881248559592127
823,2022-11-12,16744.18,17061.81,16571.31,16775.06,133209,2638,0,0.0018442228881916593
824,2022-11-13,16776.23,16909.81,16193.81,16349.24,62417,2638,0,-0.025452083096142566
825,2022-11-14,16349.25,17141.81,15768.31,16362.72,103488,2639,0,0.0008238910041744634
826,2022-11-15,16363.75,17083.17,16304.31,16876.9,205944,2638,0,0.03135894889618831
827,2022-11-16,16876.92,16970.81,16339.31,16514.87,153376,2638,0,-0.021452374011371702
828,2022-11-17,16514.68,16728.81,16381.81,16669.11,145510,2638,0,0.00935107431691079
829,2022-11-18,16669.11,16965.31,16516.31,16619.5,95849,2638,0,-0.0029761636944024353
830,2022-11-19,16619.5,16690.81,16517.79,16644.86,64047,2638,0,0.0015259183489274998
831,2022-11-20,16644.96,16782.81,16174.31,16243.08,71896,2638,0,-0.02414424546529395
832,2022-11-21,16243.08,16315.81,15441.31,15614.55,125803,2638,0,-0.038695247453069286
833,2022-11-22,15614.72,16276.81,15580.24,16106.92,202529,2639,0,0.03152153865070912
834,2022-11-23,16106.94,16669.31,16071.81,16454.36,189046,2638,0,0.021569584290995064
835,2022-11-24,16454.37,16776.31,16420.81,16525.43,86550,2638,0,0.00431860958517411
836,2022-11-25,16525.71,16607.81,16312.81,16475.36,109832,2638,0,-0.003046767733428612
837,2022-11-26,16475.4,16676.08,16396.75,16488.77,242381,2922,0,0.0008115129222962101
838,2022-11-27,16488.79,16573.35,16361.49,16553.85,241149,2922,0,0.003945710995166878
839,2022-11-28,16553.87,16572.88,15978.38,16177.57,276311,2922,0,-0.02273184457773314
840,2022-11-29,16177.63,16521.87,16078.3,16443.77,256172,2922,0,0.016451111813040677
841,2022-11-30,16443.24,17130.38,16406.08,17090.82,289208,2922,0,0.03938274938515755
842,2022-12-01,17090.73,17289.89,16846.16,16909.05,249833,2922,0,-0.010630324158184015
843,2022-12-02,16909.08,17090.69,16775.41,16998.74,210132,2922,0,0.005302476539232166
844,2022-12-03,16998.74,17142.45,16861.37,16932.94,173255,2922,0,-0.003870875135451387
845,2022-12-04,16932.94,17142.26,16848.5,17098.07,208558,2922,0,0.009751998176335652
846,2022-12-05,17098.14,17405.09,16849.39,16958.8,271411,2922,0,-0.008149424440319249
847,2022-12-06,16958.82,17087.58,16890.43,16977.13,247239,2922,0,0.0010796741754438876
848,2022-12-07,16978.48,17122.34,16673.14,16814.88,250061,2922,0,-0.009635727108669242
849,2022-12-08,16814.51,17284.65,16724.38,17169.02,240501,2922,0,0.021083576030464287
850,2022-12-09,17168.4,17333.29,17049.75,17097.19,241779,2922,0,-0.004147736539223385
851,2022-12-10,17097.19,17211.75,17091.89,17111.59,182584,2922,0,0.0008422436669418458
852,2022-12-11,17111.6,17254.34,17070.66,17098.83,166999,2922,0,-0.0007462773790876832
853,2022-12-12,17098.83,17203.73,16861.0,17161.88,223119,2922,0,0.0036873867978100996
854,2022-12-13,17161.89,17954.84,17074.16,17746.22,282772,2922,0,0.03404811474726861
855,2022-12-14,17746.34,18364.88,17649.19,17816.22,274062,2922,0,0.003937713353852176
856,2022-12-15,17817.59,17864.83,17303.73,17382.27,268118,2922,0,-0.024432035982419605
857,2022-12-16,17382.27,17509.93,16725.39,16819.35,275323,2922,0,-0.032384723054008586
858,2022-12-17,16819.36,16857.91,16515.17,16701.39,274702,2922,0,-0.0070139410774251315
859,2022-12-18,16699.93,16785.15,16649.53,16735.33,239498,2922,0,0.0021197693643028115
860,2022-12-19,16735.34,16841.17,16505.27,16569.35,279785,2922,0,-0.009918531682057348
861,2022-12-20,16569.35,17043.03,16258.8,16864.04,297831,2922,0,0.01778524806344258
862,2022-12-21,16864.04,16911.4,16715.92,16779.72,274995,2922,0,-0.00499998814044557
863,2022-12-22,16780.89,16852.4,16546.3,16777.76,286826,2922,0,-0.0001865216922345012
864,2022-12-23,16777.77,16920.56,16730.46,16792.34,273252,2922,0,0.0008684109986011079
865,2022-12-24,16792.94,16847.35,16743.94,16810.52,211767,2922,0,0.0010468685054553727
866,2022-12-25,16810.53,16837.63,16708.45,16814.69,238639,2922,0,0.00024746394075617214
867,2022-12-26,16814.8,16903.0,16773.17,16817.0,239140,2922,0,0.00013083711968032494
868,2022-12-27,16816.93,16949.19,16572.23,16678.17,259006,2922,0,-0.008251208752132644
869,2022-12-28,16678.17,16761.14,16445.39,16502.53,256414,2922,0,-0.010531131413098645
870,2022-12-29,16502.6,16638.82,16451.56,16577.07,233692,2922,0,0.004512622253463162
871,2022-12-30,16577.09,16631.66,16311.27,16559.41,239801,2922,0,-0.0010665321838754746
872,2022-12-31,16559.41,16618.41,16508.55,16524.19,183482,2922,0,-0.0021268873709873216
873,2023-01-01,16524.21,16605.37,16447.8,16586.92,187707,2922,0,0.003795037705282076
874,2023-01-02,16586.49,16773.24,16529.45,16735.06,197981,2922,0,0.00895728993898044
875,2023-01-03,16735.2,16757.13,16585.39,16642.55,245165,2922,0,-0.005536235001673207
876,2023-01-04,16642.69,16971.4,16627.58,16807.04,266642,2922,0,0.009875206472030796
877,2023-01-05,16807.04,16857.27,16737.12,16828.56,238033,2922,0,0.0012804158257492357
878,2023-01-06,16828.56,17010.43,16656.24,16913.71,242175,2922,0,0.005059850634872967
879,2023-01-07,16913.75,16963.69,16888.88,16921.4,196318,2922,0,0.0004522947306186656
880,2023-01-08,16921.4,17003.2,16895.39,16940.53,176901,2922,0,0.001130521115273995
881,2023-01-09,16940.65,17381.29,16935.6,17165.12,278920,2922,0,0.013250377051647812
882,2023-01-10,17165.19,17478.65,17114.03,17448.0,275054,2922,0,0.016475786169567675
883,2023-01-11,17448.57,17565.41,17299.8,17544.64,283242,2922,0,0.005505895325519496
884,2023-01-12,17544.67,19097.1,17498.08,18817.94,343312,2922,0,0.07257303785138168
885,2023-01-13,18817.95,19884.35,18701.08,19797.25,316791,2922,0,0.05204073769990882
886,2023-01-14,19797.28,21307.37,19717.43,20887.74,368719,2922,0,0.05508130409834092
887,2023-01-15,20887.74,21057.56,20545.55,20890.43,308755,2922,0,0.0001287836788469547
888,2023-01-16,20890.5,21433.96,20602.25,21118.42,327170,2922,0,0.010910222349871868
889,2023-01-17,21118.48,21567.7,20837.8,21299.89,283907,2922,0,0.008590106863751551
890,2023-01-18,21299.89,21624.76,20375.39,20761.76,321782,2922,0,-0.02526444972251035
891,2023-01-19,20761.76,21181.51,20610.67,20920.54,266618,2922,0,0.007647713873968415
892,2023-01-20,20920.54,22425.33,20851.03,22304.17,301775,2922,0,0.06613739415904166
893,2023-01-21,22304.17,23345.03,22304.17,23188.82,348528,2922,0,0.039662986786775815
894,2023-01-22,23188.86,23195.08,22284.37,22575.85,316569,2922,0,-0.026435538443890818
895,2023-01-23,22575.89,23157.82,22496.28,22984.72,316216,2922,0,0.01810914209805247
896,2023-01-24,22984.72,23150.56,22709.7,22886.09,313133,2922,0,-0.004291111660268257
897,2023-01-25,22886.15,23687.4,22317.13,23579.22,318092,2922,0,0.03028338099680373
898,2023-01-26,23579.5,23803.1,22818.25,23065.32,310659,2922,0,-0.02180622998791324
899,2023-01-27,23065.34,23490.47,22526.15,23074.22,322816,2922,0,0.0003849932409407803
900,2023-01-28,23069.98,23179.99,22869.39,22992.51,272694,2922,0,-0.0033580436567349067
901,2023-01-29,22992.51,23945.0,22953.18,23780.47,326633,2922,0,0.03427029062942684
902,2023-01-30,23780.47,23862.72,22540.49,22730.71,344634,2922,0,-0.044143786897399506
903,2023-01-31,22730.03,23199.64,22485.4,22936.46,317125,2922,0,0.009081818193816739
904,2023-02-01,22936.49,23782.34,22745.78,23666.3,285805,2922,0,0.031818730764820495
905,2023-02-02,23666.31,24242.23,23396.05,23438.67,298632,2922,0,-0.00961873650771933
906,2023-02-03,23435.22,23702.94,23193.39,23369.42,275533,2922,0,-0.0028077398035948843
907,2023-02-04,23369.42,23571.84,23242.4,23402.05,201551,2922,0,0.0013962691414678252
908,2023-02-05,23402.06,23436.11,22743.4,22889.02,224394,2922,0,-0.021922856363926973
909,2023-02-06,22889.08,23139.95,22622.79,22900.32,229329,2922,0,0.0004910638610201005
910,2023-02-07,22900.32,23332.94,22624.33,23182.18,203836,2922,0,0.012308124951965762
911,2023-02-08,23182.18,23433.12,22658.1,22942.26,220276,2922,0,-0.010349328665380127
912,2023-02-09,22942.26,22996.38,21685.39,21842.59,251730,2922,0,-0.04793206946482161
913,2023-02-10,21842.72,21943.3,21453.07,21523.36,217548,2922,0,-0.014620889706043963
914,2023-02-11,21523.25,21824.81,21507.13,21813.16,155367,2922,0,0.013469620062025942
915,2023-02-12,21813.18,22075.04,21697.13,21725.44,173346,2922,0,-0.0040223387878338505
916,2023-02-13,21725.45,21888.42,21351.91,21613.23,227981,2922,0,-0.005165370567698306
917,2023-02-14,21613.24,22309.77,21531.63,22237.7,216467,2922,0,0.02889247516799883
918,2023-02-15,22237.7,24306.61,22038.88,24164.89,218095,2922,0,0.0866631890887996
919,2023-02-16,24164.9,25238.55,24099.36,24522.43,282611,2922,0,0.014795426424276484
920,2023-02-17,24522.5,25007.71,23328.41,24467.13,291318,2922,0,-0.0022579263941278002
921,2023-02-18,24466.54,24863.31,24042.92,24604.68,223841,2922,0,0.0056460782766995015
922,2023-02-19,24604.72,25177.95,24248.47,24532.27,227199,2922,0,-0.002944556979311316
923,2023-02-20,24532.28,25103.87,23826.99,24754.46,279781,2922,0,0.00905663884481998
924,2023-02-21,24754.48,25253.97,24139.34,24185.82,255406,2922,0,-0.022972003451496453
925,2023-02-22,24188.14,24464.48,23567.01,23788.57,309330,2922,0,-0.016519252823904595
926,2023-02-23,23788.58,24585.22,23597.98,23862.76,308893,2922,0,0.0031183029840367374
927,2023-02-24,23863.97,24116.37,22508.15,23080.35,310018,2922,0,-0.032836950431969304
928,2023-02-25,23080.35,23204.73,22736.12,22922.46,250068,2922,0,-0.006840884128706862
929,2023-02-26,22922.06,23673.88,22888.92,23547.14,281872,2922,0,0.02726980035825742
930,2023-02-27,23547.21,23880.08,23097.8,23368.54,302098,2922,0,-0.007587735447214267
931,2023-02-28,23368.61,23583.54,23012.63,23131.17,254322,2922,0,-0.01016063856600809
932,2023-03-01,23131.48,23985.19,23011.34,23541.3,267149,2922,0,0.01771698136046633
933,2023-03-02,23541.3,23778.52,23181.79,23394.44,231382,2922,0,-0.006238398049385573
934,2023-03-03,23394.44,23542.87,21973.44,22226.36,228146,2922,0,-0.049929812382771215
935,2023-03-04,22226.38,22395.78,22145.42,22200.07,185374,2922,0,-0.001183728524393145
936,2023-03-05,22200.13,22640.02,22180.52,22468.74,191578,2922,0,0.012099478696746395
937,2023-03-06,22468.75,22583.99,22252.92,22394.5,220341,2922,0,-0.003304589707927677
938,2023-03-07,22394.5,22541.49,21918.13,22041.02,189268,2922,0,-0.01578423273571634
939,2023-03-08,22041.01,22265.0,21838.45,21992.24,205575,2922,0,-0.0022126935199429064
940,2023-03-09,21992.66,21996.56,20035.39,20205.79,245770,2922,0,-0.081248471080806
941,2023-03-10,20205.79,20477.88,19555.02,20083.82,292027,2922,0,-0.006036388579709141
942,2023-03-11,20085.03,20931.72,19898.58,20491.9,254034,2922,0,0.02025737576692704
943,2023-03-12,20489.54,21585.37,20429.81,21483.3,205005,2922,0,0.048500844821308745
944,2023-03-13,21482.79,24609.52,21296.74,24167.21,329649,2922,0,0.12495676771964899
945,2023-03-14,24167.21,26533.94,24017.02,24621.01,334578,2922,0,0.018777508864283435
946,2023-03-15,24621.03,25280.12,23916.42,24525.48,332125,2922,0,-0.003880828706191385
947,2023-03-16,24525.48,25218.69,24195.69,24956.45,283210,2922,0,0.017572337014403028
948,2023-03-17,24956.45,27273.04,24883.29,27145.58,323476,2922,0,0.08771800476429945
949,2023-03-18,27145.59,27815.06,26638.39,27254.86,281095,2922,0,0.00402533155477558
950,2023-03-19,27254.86,28456.01,26871.14,28041.32,273308,2922,0,0.028855771044136683
951,2023-03-20,28041.33,28549.82,27206.79,28076.49,309677,2922,0,0.0012538634936359956
952,2023-03-21,28076.49,28500.65,27400.16,28073.82,288958,2922,0,-9.509735725519435e-05
953,2023-03-22,28073.82,28919.57,26663.23,27133.5,233236,2922,0,-0.03349455115121489
954,2023-03-23,27136.06,28813.23,27038.61,28204.94,228077,2922,0,0.039389653472169404
955,2023-03-24,28205.38,28482.53,27012.21,27359.05,238686,2922,0,-0.030005977583000183
956,2023-03-25,27356.09,27803.15,27169.5,27425.39,191349,2922,0,0.0025332567629364894
957,2023-03-26,27423.7,28215.34,27405.31,27789.79,157616,2922,0,0.01334940215944603
958,2023-03-27,27789.8,28151.14,26511.01,27034.43,204589,2922,0,-0.027181555822639925
959,2023-03-28,27034.43,27496.38,26627.34,27297.26,202781,2922,0,0.00972204703409682
960,2023-03-29,27297.22,28637.82,27086.57,28376.76,293153,2922,0,0.039547616936816174
961,2023-03-30,28376.76,29170.36,27682.24,28133.88,293584,2922,0,-0.008559116685625751
962,2023-03-31,28131.27,28635.38,27499.75,28380.35,267369,2922,0,0.008854203880592597
963,2023-04-01,28380.36,28811.59,28220.33,28442.69,222763,2922,0,0.0021962371160900744
964,2023-04-02,28442.71,28560.34,27858.84,28057.96,213238,2922,0,-0.013527192029170217
965,2023-04-03,28056.27,28508.45,27463.23,27577.6,273202,2922,0,-0.01706107048442298
966,2023-04-04,27579.73,28428.59,27215.45,28247.74,281882,2922,0,0.024221049299612506
967,2023-04-05,28250.61,28775.39,27802.52,28138.62,265506,2922,0,-0.003964162189772242
968,2023-04-06,28138.59,28227.52,27702.16,27973.34,264219,2922,0,-0.005872717858286432
969,2023-04-07,27973.12,28104.19,27775.59,27874.29,251525,2922,0,-0.003533034570330307
970,2023-04-08,27874.28,28157.47,27862.57,27914.29,222323,2922,0,0.0014353733979855995
971,2023-04-09,27914.29,28258.48,27799.4,28122.19,228027,2922,0,0.0074477982424055135
972,2023-04-10,28122.2,29303.63,28117.11,29131.05,219918,2922,0,0.03587379365767965
973,2023-04-11,29131.05,30568.52,29102.24,30176.41,304148,2922,0,0.03588473467314088
974,2023-04-12,30177.15,30496.03,29660.39,29952.43,232845,2922,0,-0.007446693938957163
975,2023-04-13,29952.6,30604.37,29807.23,30266.57,192197,2922,0,0.010482228587835487
976,2023-04-14,30266.57,31028.44,29985.4,30457.73,233893,2922,0,0.00631587920269789
977,2023-04-15,30458.72,30605.58,30216.15,30291.46,118203,2922,0,-0.005491366675947054
978,2023-04-16,30291.45,30556.24,30133.66,30352.62,150388,2922,0,0.002019381706719165
979,2023-04-17,30352.62,30416.92,29236.46,29445.84,190069,2922,0,-0.029874851001330326
980,2023-04-18,29445.84,30483.21,29095.17,30409.29,218149,2922,0,0.032719392620485635
981,2023-04-19,30409.3,30433.59,29001.63,29233.01,251438,2922,0,-0.03868191638742098
982,2023-04-20,29233.02,29244.44,27979.71,28185.26,253302,2922,0,-0.03584166124471581
983,2023-04-21,28185.26,28351.44,27154.39,27242.75,271135,2922,0,-0.03343981925304214
984,2023-04-22,27242.77,27765.39,27118.4,27623.3,150522,2922,0,0.01396810970396912
985,2023-04-23,27620.79,27869.09,27320.17,27493.32,200052,2922,0,-0.004615001960479811
986,2023-04-24,27493.32,27983.63,26955.39,27447.49,235916,2922,0,-0.0016669503719448254
987,2023-04-25,27447.5,28038.63,27178.6,27964.0,197622,2922,0,0.018817742963840058
988,2023-04-26,27964.0,30014.48,27215.38,28399.83,286639,2922,0,0.015585395508511004
989,2023-04-27,28402.78,29875.6,28088.94,29617.1,337309,3051,0,0.04275356144715411
990,2023-04-28,29617.1,29775.64,28884.76,29340.59,299928,3051,0,-0.009336160528883598
991,2023-04-29,29340.65,29453.81,29040.84,29223.16,210156,3051,0,-0.004004342098760647
992,2023-04-30,29223.16,29950.35,29087.6,29337.23,236598,3051,0,0.0039034108563207985
993,2023-05-01,29337.24,29489.09,27649.06,27659.09,283909,3051,0,-0.05720204081910914
994,2023-05-02,27659.12,28881.79,27652.8,28679.04,270840,3051,0,0.03687463664787607
995,2023-05-03,28679.04,28822.06,28106.76,28512.94,299417,3051,0,-0.0057916861931223
996,2023-05-04,28512.73,29364.32,28512.73,28868.3,276055,3051,0,0.0124705701628711
997,2023-05-05,28869.05,29685.6,28744.0,29504.47,273736,3051,0,0.022010422926975495
998,2023-05-06,29504.47,29833.28,28379.78,28831.36,268844,3051,0,-0.02281383126014467
999,2023-05-07,28831.35,29168.94,28684.75,28866.45,146832,3051,0,0.0012174247823984025
